Tomato 216 295 35 39
Tomato 361 608 27 26
Tomato 701 593 19 28
Tomato 594 498 35 41
Tomato 222 331 34 36
Tomato 371 590 24 40
Tomato 569 236 26 35
Tomato 445 517 17 19
Tomato 71 63 18 21
Tomato 56 61 20 24
Tomato 51 80 20 22
Tomato 33 89 19 18
Tomato 24 97 19 20
Tomato 534 257 24 26
Tomato 567 388 30 27
Tomato 555 410 34 38
Tomato 429 511 22 20
Tomato 433 493 19 21
Tomato 424 477 25 27
Tomato 583 80 35 38
Tomato 570 86 30 38
Tomato 244 134 60 56
Tomato 213 201 43 51
Tomato 198 350 32 38
Tomato 215 368 29 32
Tomato 232 385 28 30
Tomato 159 485 94 96
Tomato 661 645 22 19
Tomato 237 213 52 58
Tomato 113 500 73 78
Tomato 568 214 27 29
Tomato 552 222 37 31
Tomato 539 227 32 37
