Tomato 98 453 73 85
Tomato 70 413 51 62
Tomato 33 413 59 64
Tomato 114 382 64 82
Tomato 127 404 45 56
Tomato 46 354 68 74
Tomato 51 295 68 77
Tomato 128 319 60 70
Tomato 88 229 39 39
Tomato 100 200 47 54
Tomato 144 190 48 65
Tomato 94 154 50 59
Tomato 105 105 68 76
Tomato 157 153 61 57
Tomato 670 468 34 37
Tomato 540 350 26 24
Tomato 534 473 21 22
Tomato 381 419 36 45
Tomato 345 318 29 38
Tomato 367 329 26 26
Tomato 371 312 26 31
Tomato 344 408 45 44
Tomato 458 563 83 105
Tomato 456 157 77 88
Tomato 486 205 77 85
Tomato 505 242 73 71
Tomato 543 294 51 54
Tomato 580 298 40 41
Tomato 534 193 56 68
Tomato 561 223 58 62
Tomato 279 96 22 24
Tomato 686 445 34 48
