Tomato 66 684 32 31
Tomato 186 304 37 38
Tomato 171 313 39 40
Tomato 147 358 31 30
Tomato 206 69 27 26
Tomato 167 496 35 44
Tomato 180 505 35 39
Tomato 182 483 35 35
Tomato 65 500 23 25
Tomato 46 584 24 35
Tomato 191 689 32 31
Tomato 21 628 24 26
Tomato 52 634 20 22
Tomato 73 583 25 30
Tomato 58 689 24 25
Tomato 61 595 24 28
Tomato 370 493 29 34
Tomato 368 525 36 38
Tomato 191 77 31 29
Tomato 398 642 26 26
Tomato 184 171 35 40
Tomato 59 479 22 21
Tomato 391 161 26 30
Tomato 374 69 21 23
Tomato 405 295 31 30
Tomato 424 155 24 25
Tomato 366 151 31 29
Tomato 642 432 36 39
Tomato 657 449 30 33
Tomato 68 436 26 29
Tomato 376 330 36 33
Tomato 402 430 38 41
Tomato 391 452 44 47
Tomato 378 470 42 42
