Tomato 65 224 48 52
Tomato 96 208 78 90
Tomato 136 144 78 81
Tomato 187 118 53 67
Tomato 208 166 31 48
Tomato 217 162 36 44
Tomato 216 622 46 46
Tomato 236 638 48 47
Tomato 250 551 45 46
Tomato 205 528 41 42
Tomato 148 528 65 77
Tomato 93 528 69 84
Tomato 81 554 45 67
Tomato 61 587 34 38
Tomato 378 694 33 26
Tomato 401 692 30 28
Tomato 419 678 34 33
Tomato 521 667 29 32
Tomato 538 652 33 35
Tomato 545 675 30 35
Tomato 361 400 29 31
Tomato 365 386 30 36
Tomato 366 344 30 29
Tomato 378 358 29 33
Tomato 544 375 70 89
Tomato 595 362 63 98
Tomato 553 345 51 55
Tomato 504 268 34 33
Tomato 526 265 34 33
Tomato 515 205 43 44
Tomato 546 207 37 41
Tomato 528 174 47 48
Tomato 531 141 42 38
Tomato 561 140 61 67
Tomato 409 120 24 25
Tomato 423 130 20 22
Tomato 426 119 22 24
Tomato 517 70 26 29
Tomato 535 51 27 31
Tomato 498 42 35 32
Tomato 563 3 37 34
Tomato 543 0 34 35
Tomato 523 0 45 50
Tomato 517 24 36 36
Tomato 388 263 20 20
Tomato 387 241 28 27
Tomato 398 227 26 27
Tomato 299 247 15 19
Tomato 0 528 16 29
Tomato 0 442 13 22
Tomato 5 358 20 17
