Tomato 206 83 95 103
Tomato 147 296 69 70
Tomato 282 55 100 131
Tomato 196 221 77 78
Tomato 404 270 27 30
Tomato 405 304 24 24
Tomato 380 285 21 28
Tomato 369 290 17 22
Tomato 207 381 117 132
Tomato 209 534 130 152
Tomato 278 616 119 104
Tomato 362 642 113 78
Tomato 345 474 96 115
Tomato 448 446 26 29
Tomato 483 437 28 27
Tomato 476 416 24 31
Tomato 391 461 30 33
Tomato 404 423 30 30
Tomato 455 429 25 27
Tomato 387 271 18 21
Tomato 373 316 26 25
Tomato 136 146 75 82
Tomato 177 99 71 82
Tomato 635 404 34 33
Tomato 634 271 18 19
Tomato 637 256 22 21
Tomato 648 247 22 21
