Tomato 44 442 70 105
Tomato 424 663 34 34
Tomato 322 624 38 37
Tomato 126 28 64 91
Tomato 183 70 55 68
Tomato 230 151 50 66
Tomato 193 117 64 65
Tomato 137 88 63 67
Tomato 90 428 78 108
Tomato 514 649 23 24
Tomato 660 233 39 39
Tomato 576 575 20 24
Tomato 561 577 27 27
Tomato 690 395 30 56
Tomato 551 452 19 20
Tomato 555 466 17 19
Tomato 545 472 18 18
Tomato 414 439 22 29
Tomato 410 556 24 26
Tomato 430 566 25 30
Tomato 411 574 27 30
Tomato 425 416 24 24
Tomato 402 398 29 27
Tomato 395 424 30 40
Tomato 375 405 39 45
Tomato 549 444 20 17
