Tomato 191 413 22 29
Tomato 199 395 23 30
Tomato 205 347 27 34
Tomato 206 166 22 24
Tomato 205 179 23 25
Tomato 219 160 23 30
Tomato 70 119 19 23
Tomato 78 108 22 27
Tomato 89 116 16 20
Tomato 241 50 21 26
Tomato 408 142 22 26
Tomato 253 43 18 23
Tomato 262 48 25 24
Tomato 262 26 22 25
Tomato 281 56 16 22
Tomato 419 145 24 28
Tomato 411 580 42 41
Tomato 660 191 51 70
Tomato 684 225 36 62
Tomato 612 500 27 30
Tomato 627 453 41 47
Tomato 662 466 43 53
Tomato 683 447 37 67
Tomato 417 483 28 30
Tomato 578 384 30 39
Tomato 0 689 28 31
Tomato 16 676 30 39
Tomato 33 674 36 38
Tomato 47 257 19 23
Tomato 60 220 25 25
Tomato 50 567 25 28
Tomato 175 416 26 31
