Tomato 440 423 61 59
Tomato 472 296 64 97
Tomato 399 304 69 57
Tomato 411 183 52 50
Tomato 442 170 43 50
Tomato 427 124 46 54
Tomato 461 133 51 70
Tomato 464 78 53 58
Tomato 497 85 62 86
Tomato 539 93 52 69
Tomato 563 129 45 53
Tomato 587 116 48 68
Tomato 590 91 53 60
Tomato 105 260 42 49
Tomato 43 244 58 61
Tomato 111 224 47 53
Tomato 102 186 53 54
Tomato 53 198 50 58
Tomato 37 427 77 69
Tomato 22 484 55 43
Tomato 7 534 65 65
Tomato 0 577 68 56
Tomato 0 434 59 85
Tomato 550 644 20 25
Tomato 550 626 22 23
