Tomato 644 353 41 42
Tomato 305 310 43 41
Tomato 273 501 50 49
Tomato 183 362 89 115
Tomato 133 382 85 103
Tomato 90 369 77 76
Tomato 120 322 95 89
Tomato 267 297 45 45
Tomato 274 325 39 42
Tomato 196 279 85 89
Tomato 663 344 37 49
Tomato 544 657 27 31
Tomato 558 665 23 27
Tomato 644 218 33 27
Tomato 591 660 22 25
Tomato 559 583 31 36
Tomato 540 555 29 44
Tomato 501 563 39 42
Tomato 619 397 34 35
Tomato 638 394 28 33
Tomato 577 656 24 28
Tomato 483 97 22 28
Tomato 529 129 28 29
Tomato 518 104 31 45
Tomato 507 94 28 28
Tomato 478 83 30 27
Tomato 539 149 24 25
Tomato 205 304 98 101
