Tomato 353 92 15 15
Tomato 337 72 18 20
Tomato 323 67 18 26
Tomato 348 172 24 26
Tomato 336 190 27 27
Tomato 328 173 29 27
Tomato 323 163 26 30
Tomato 266 270 32 34
Tomato 0 381 19 38
Tomato 41 417 19 19
Tomato 631 380 76 84
Tomato 582 379 72 75
Tomato 505 322 42 49
Tomato 460 336 44 41
Tomato 510 630 73 90
Tomato 523 563 30 29
Tomato 523 545 25 26
Tomato 126 522 36 38
Tomato 496 567 33 33
Tomato 502 581 31 31
Tomato 571 295 91 111
Tomato 638 263 82 112
Tomato 7 510 29 33
Tomato 4 392 29 33
Tomato 21 403 23 26
Tomato 340 87 17 16
