Tomato 687 32 33 58
Tomato 0 424 67 90
Tomato 156 567 32 34
Tomato 250 588 22 25
Tomato 171 554 32 30
Tomato 189 560 38 36
Tomato 200 541 38 36
Tomato 397 669 33 30
Tomato 425 663 35 34
Tomato 405 645 32 35
Tomato 423 631 35 34
Tomato 444 636 32 36
Tomato 365 450 32 30
Tomato 400 442 35 36
Tomato 537 380 42 40
Tomato 43 290 48 53
Tomato 22 253 61 74
Tomato 77 274 46 50
Tomato 73 236 49 55
Tomato 38 206 38 34
Tomato 297 256 34 34
Tomato 68 199 32 39
Tomato 139 5 37 35
Tomato 204 102 23 21
Tomato 339 14 24 24
Tomato 355 17 22 19
Tomato 363 29 21 21
Tomato 633 84 51 53
Tomato 634 33 39 33
Tomato 633 65 50 48
Tomato 670 45 45 46
Tomato 516 123 21 25
Tomato 527 122 25 26
Tomato 530 138 24 24
Tomato 538 152 26 24
Tomato 554 151 23 24
Tomato 548 134 27 29
Tomato 269 422 26 24
Tomato 380 432 37 38
Tomato 337 144 26 26
Tomato 328 140 20 19
Tomato 337 131 21 19
Tomato 353 135 29 25
Tomato 191 97 23 25
Tomato 208 317 20 21
Tomato 216 327 19 19
Tomato 222 344 17 17
Tomato 184 412 21 22
Tomato 230 427 21 21
Tomato 172 404 23 18
Tomato 167 417 19 19
