Tomato 518 264 56 72
Tomato 690 638 24 21
Tomato 672 660 18 22
Tomato 684 654 26 25
Tomato 705 606 15 24
Tomato 708 634 12 19
Tomato 659 667 20 19
Tomato 648 663 20 22
Tomato 701 451 19 22
Tomato 425 512 85 110
Tomato 484 545 72 86
Tomato 500 602 69 89
Tomato 521 667 62 53
Tomato 619 60 40 37
Tomato 582 64 43 50
Tomato 502 0 45 49
Tomato 537 5 43 50
Tomato 567 29 39 42
Tomato 98 252 42 50
Tomato 65 240 42 49
Tomato 0 205 36 52
Tomato 21 196 50 81
Tomato 59 211 56 64
Tomato 106 212 45 60
Tomato 465 246 75 89
Tomato 656 520 38 37
Tomato 20 554 74 90
Tomato 4 611 66 84
Tomato 522 418 35 41
Tomato 545 428 31 37
Tomato 581 400 45 47
Tomato 554 342 54 57
