Tomato 470 609 91 95
Tomato 222 595 35 43
Tomato 235 611 34 46
Tomato 294 687 30 33
Tomato 294 660 42 39
Tomato 0 176 66 72
Tomato 20 392 60 63
Tomato 0 403 38 70
Tomato 32 486 65 85
Tomato 423 234 99 103
Tomato 521 523 66 64
Tomato 494 499 68 70
Tomato 392 506 96 114
Tomato 429 564 92 96
Tomato 387 209 29 30
Tomato 627 454 20 24
Tomato 635 460 21 27
Tomato 169 416 20 18
Tomato 141 392 18 20
Tomato 114 388 29 28
Tomato 189 413 21 23
Tomato 197 432 22 23
Tomato 356 547 31 30
Tomato 472 199 84 99
Tomato 403 174 85 93
Tomato 437 99 92 109
Tomato 496 115 104 119
Tomato 478 46 79 97
