Tomato 66 456 37 37
Tomato 67 428 44 44
Tomato 539 287 54 70
Tomato 548 339 45 51
Tomato 448 454 63 82
Tomato 156 125 59 61
Tomato 179 93 62 95
Tomato 208 103 50 61
Tomato 214 70 66 91
Tomato 357 181 31 36
Tomato 588 490 44 38
Tomato 509 511 53 54
Tomato 363 360 80 114
Tomato 330 343 79 125
Tomato 562 490 38 45
Tomato 0 537 28 39
Tomato 77 626 69 67
Tomato 0 661 42 51
Tomato 42 484 28 31
Tomato 0 504 27 33
Tomato 25 460 44 39
Tomato 22 491 36 49
Tomato 80 242 26 31
Tomato 92 250 24 25
Tomato 255 73 56 84
Tomato 270 43 22 22
Tomato 102 234 28 29
