Tomato 368 189 28 31
Tomato 592 332 60 60
Tomato 554 207 64 74
Tomato 520 175 71 81
Tomato 579 256 55 66
Tomato 666 279 54 64
Tomato 663 234 46 46
Tomato 567 61 24 30
Tomato 481 166 94 84
Tomato 442 205 89 81
Tomato 481 383 43 58
Tomato 572 617 84 92
Tomato 507 599 66 96
Tomato 547 61 25 27
Tomato 520 95 29 30
Tomato 100 574 19 25
Tomato 84 479 17 21
Tomato 478 258 60 77
Tomato 265 647 78 69
Tomato 298 432 98 120
Tomato 9 369 44 45
Tomato 0 482 32 45
Tomato 28 502 37 40
Tomato 0 612 19 29
Tomato 0 598 28 28
Tomato 32 255 21 27
Tomato 46 257 29 30
Tomato 68 279 27 26
Tomato 87 162 22 25
Tomato 74 158 26 25
Tomato 70 147 25 23
Tomato 5 574 20 21
Tomato 14 463 37 34
Tomato 339 363 60 58
