Tomato 0 457 34 41
Tomato 334 464 49 54
Tomato 366 478 60 57
Tomato 399 453 69 78
Tomato 502 474 62 70
Tomato 492 268 50 50
Tomato 510 232 41 49
Tomato 504 212 46 51
Tomato 450 250 40 47
Tomato 426 170 65 67
Tomato 447 203 61 64
Tomato 99 394 19 24
Tomato 86 412 22 23
Tomato 75 408 24 30
Tomato 98 494 30 37
Tomato 0 116 18 23
Tomato 8 119 18 23
Tomato 153 49 18 22
Tomato 160 41 22 24
Tomato 174 45 21 24
Tomato 190 52 16 20
Tomato 183 39 22 22
Tomato 631 485 23 24
Tomato 594 293 26 27
Tomato 585 276 25 29
Tomato 575 183 21 24
Tomato 584 188 20 21
Tomato 564 173 23 21
Tomato 696 506 24 43
Tomato 573 275 19 21
Tomato 547 170 22 24
Tomato 100 340 40 40
