Tomato 382 187 27 31
Tomato 178 329 66 62
Tomato 158 299 61 58
Tomato 132 204 78 85
Tomato 176 236 91 90
Tomato 141 172 22 21
Tomato 180 202 69 74
Tomato 70 481 29 34
Tomato 92 589 87 91
Tomato 175 610 83 82
Tomato 638 641 82 79
Tomato 607 563 79 87
Tomato 585 610 74 73
Tomato 587 677 70 43
Tomato 362 400 30 29
Tomato 554 371 42 46
Tomato 394 398 29 29
Tomato 363 380 37 35
Tomato 643 288 31 30
Tomato 375 82 31 34
Tomato 365 192 29 31
Tomato 220 98 101 97
Tomato 65 378 20 21
Tomato 124 332 19 21
Tomato 38 291 19 19
Tomato 49 298 13 18
