Tomato 124 280 33 31
Tomato 39 545 18 22
Tomato 34 564 17 24
Tomato 22 561 16 23
Tomato 7 566 17 21
Tomato 9 553 18 19
Tomato 8 537 22 19
Tomato 26 529 22 31
Tomato 11 514 22 26
Tomato 3 429 22 22
Tomato 0 407 24 27
Tomato 184 294 26 26
Tomato 225 467 33 34
Tomato 154 286 26 24
Tomato 433 213 61 72
Tomato 135 241 35 31
Tomato 4 444 23 23
Tomato 205 393 41 39
Tomato 181 366 45 48
Tomato 417 26 48 47
Tomato 426 0 55 40
Tomato 324 124 19 20
Tomato 163 311 22 19
Tomato 177 266 29 33
Tomato 22 302 15 15
Tomato 185 107 19 23
Tomato 192 87 21 17
Tomato 600 337 51 52
Tomato 0 647 11 30
Tomato 175 621 43 47
Tomato 182 590 40 43
