Tomato 679 394 41 63
Tomato 648 465 72 95
Tomato 629 547 87 99
Tomato 498 669 86 51
Tomato 336 582 41 59
Tomato 272 104 20 21
Tomato 364 339 29 31
Tomato 371 328 25 24
Tomato 420 330 23 24
Tomato 262 372 23 24
Tomato 268 359 22 24
Tomato 257 388 23 25
Tomato 140 396 35 40
Tomato 124 411 32 36
Tomato 100 398 31 36
Tomato 98 453 23 29
Tomato 262 105 18 22
Tomato 288 225 26 26
Tomato 277 212 26 27
Tomato 264 206 26 28
Tomato 276 118 24 25
Tomato 0 48 46 52
Tomato 0 3 44 70
Tomato 42 70 35 40
Tomato 41 28 45 55
Tomato 423 345 22 25
Tomato 404 457 25 29
Tomato 665 95 55 76
