Tomato 57 264 36 36
Tomato 0 419 45 53
Tomato 0 378 35 54
Tomato 266 388 63 71
Tomato 103 516 29 33
Tomato 169 595 21 21
Tomato 290 535 37 37
Tomato 107 546 26 30
Tomato 289 647 41 51
Tomato 337 651 62 59
Tomato 357 603 70 68
Tomato 376 552 67 62
Tomato 417 509 70 61
Tomato 346 486 75 72
Tomato 567 678 50 42
Tomato 366 413 62 84
Tomato 324 376 71 63
Tomato 269 308 70 63
Tomato 290 253 26 26
Tomato 287 235 22 24
Tomato 295 281 24 24
Tomato 321 221 26 31
Tomato 291 224 28 28
Tomato 392 125 63 71
Tomato 536 161 23 26
Tomato 540 149 23 27
Tomato 554 133 25 26
Tomato 565 149 25 25
Tomato 682 365 38 45
Tomato 684 398 36 43
Tomato 610 433 36 38
Tomato 634 365 38 38
Tomato 472 268 67 71
Tomato 482 214 53 64
Tomato 445 169 60 76
Tomato 459 211 56 77
