Tomato 207 175 21 24
Tomato 107 627 30 31
Tomato 182 669 53 51
Tomato 136 690 36 30
Tomato 358 610 33 34
Tomato 376 600 47 50
Tomato 662 528 38 56
Tomato 626 527 36 50
Tomato 347 467 33 37
Tomato 199 138 28 29
Tomato 211 146 28 29
Tomato 333 318 23 26
Tomato 329 359 26 28
Tomato 465 215 28 27
Tomato 471 234 24 25
Tomato 462 240 18 22
Tomato 426 82 26 27
Tomato 429 96 26 29
Tomato 211 160 26 30
Tomato 166 397 17 17
Tomato 18 337 21 22
Tomato 391 565 50 49
Tomato 345 276 14 17
Tomato 194 167 21 21
Tomato 36 88 69 87
Tomato 0 66 70 77
Tomato 372 422 20 33
Tomato 414 211 35 43
Tomato 435 205 30 32
Tomato 445 220 26 34
Tomato 448 87 27 31
Tomato 479 99 25 27
Tomato 458 113 22 24
Tomato 449 120 21 27
Tomato 428 113 23 27
Tomato 465 81 25 28
Tomato 601 554 21 25
Tomato 603 538 22 26
Tomato 221 402 31 33
Tomato 381 433 17 20
Tomato 543 393 20 24
Tomato 352 271 15 15
Tomato 336 265 19 19
Tomato 257 309 29 34
Tomato 242 293 28 42
Tomato 222 273 37 47
Tomato 205 255 34 37
Tomato 0 103 60 98
