Tomato 447 495 29 26
Tomato 644 264 76 105
Tomato 671 183 38 42
Tomato 678 412 42 54
Tomato 492 681 35 39
Tomato 507 679 51 41
Tomato 402 617 29 28
Tomato 645 56 33 35
Tomato 668 64 40 39
Tomato 666 29 40 43
Tomato 661 4 44 38
Tomato 517 104 22 23
Tomato 524 85 23 23
Tomato 541 84 24 26
Tomato 535 98 20 24
Tomato 522 246 42 43
Tomato 235 445 41 37
Tomato 514 276 24 31
Tomato 501 282 27 31
Tomato 106 89 23 25
Tomato 229 201 32 43
Tomato 210 220 35 33
Tomato 211 243 26 26
Tomato 71 175 46 54
Tomato 47 151 48 58
Tomato 9 114 70 71
Tomato 13 165 45 66
Tomato 64 217 42 39
Tomato 44 199 49 58
Tomato 116 77 22 25
Tomato 91 78 29 26
