Tomato 84 655 17 25
Tomato 337 45 67 59
Tomato 321 95 59 58
Tomato 318 158 45 43
Tomato 435 307 78 74
Tomato 506 362 100 111
Tomato 70 644 27 37
Tomato 101 657 15 18
Tomato 55 550 26 31
Tomato 37 490 17 24
Tomato 64 468 16 22
Tomato 70 483 16 16
Tomato 77 462 19 25
Tomato 79 446 21 23
Tomato 92 434 32 40
Tomato 114 174 39 50
Tomato 102 199 26 29
Tomato 119 215 32 38
Tomato 376 95 48 52
Tomato 423 10 61 62
Tomato 400 37 56 70
Tomato 119 64 20 20
Tomato 152 60 18 20
Tomato 126 30 31 35
Tomato 131 70 23 27
Tomato 151 43 26 27
Tomato 294 340 26 29
Tomato 412 268 35 39
Tomato 514 446 68 71
