Tomato 242 122 47 48
Tomato 161 626 55 72
Tomato 205 646 62 68
Tomato 159 680 67 40
Tomato 216 343 48 64
Tomato 252 355 39 39
Tomato 272 374 33 33
Tomato 36 417 35 35
Tomato 141 260 54 59
Tomato 201 260 43 46
Tomato 179 255 40 49
Tomato 246 617 25 29
Tomato 261 605 25 26
Tomato 281 151 39 35
Tomato 262 160 37 39
Tomato 30 460 27 29
Tomato 49 449 24 26
Tomato 354 577 24 25
Tomato 341 590 26 26
Tomato 214 191 32 30
Tomato 201 157 37 45
Tomato 391 637 21 19
Tomato 694 125 26 49
Tomato 298 188 32 29
Tomato 387 650 22 20
Tomato 400 649 22 18
