Tomato 280 282 94 112
Tomato 0 309 51 46
Tomato 11 242 53 58
Tomato 313 465 72 84
Tomato 262 468 100 120
Tomato 228 407 94 121
Tomato 307 383 101 132
Tomato 260 358 91 95
Tomato 675 30 44 42
Tomato 683 0 37 44
Tomato 510 184 34 32
Tomato 522 166 36 30
Tomato 334 0 61 60
Tomato 309 0 58 67
Tomato 283 32 61 65
Tomato 325 321 104 123
Tomato 276 59 52 58
Tomato 232 19 54 49
Tomato 230 54 53 51
Tomato 60 610 64 76
Tomato 7 583 66 68
Tomato 0 631 60 89
Tomato 43 642 59 73
Tomato 576 188 23 25
Tomato 666 356 26 26
Tomato 521 484 35 36
Tomato 540 516 30 30
Tomato 498 340 27 26
Tomato 125 536 26 26
Tomato 506 357 25 24
Tomato 522 667 45 45
