Tomato 0 579 32 38
Tomato 17 590 31 40
Tomato 643 425 68 91
Tomato 616 484 45 58
Tomato 656 490 64 62
Tomato 670 540 50 83
Tomato 258 484 48 52
Tomato 284 481 62 77
Tomato 325 495 66 74
Tomato 376 42 60 55
Tomato 37 557 28 39
Tomato 0 539 37 47
Tomato 268 628 51 57
Tomato 304 357 100 88
Tomato 306 80 55 54
Tomato 302 198 32 35
Tomato 276 193 34 40
Tomato 253 444 22 23
Tomato 235 446 21 23
Tomato 224 431 24 24
Tomato 253 409 28 28
Tomato 231 405 30 31
Tomato 240 352 41 46
Tomato 334 228 25 29
Tomato 317 235 25 33
Tomato 329 59 44 44
Tomato 284 409 65 74
