Tomato 131 88 24 26
Tomato 107 83 27 28
Tomato 299 544 38 51
Tomato 672 607 48 91
Tomato 68 217 21 21
Tomato 79 205 26 31
Tomato 95 195 30 39
Tomato 40 404 81 92
Tomato 68 439 73 82
Tomato 499 95 61 72
Tomato 548 98 52 77
Tomato 461 58 66 79
Tomato 539 36 64 80
Tomato 519 12 68 81
Tomato 446 11 62 85
Tomato 333 160 21 19
Tomato 344 151 27 29
Tomato 351 131 27 30
Tomato 362 122 30 31
Tomato 101 479 66 82
Tomato 312 294 27 36
Tomato 326 290 32 44
Tomato 375 322 26 32
Tomato 591 603 106 107
Tomato 614 550 82 88
