Tomato 101 148 46 50
Tomato 65 23 39 32
Tomato 45 592 56 73
Tomato 79 461 50 57
Tomato 15 434 56 72
Tomato 29 391 62 68
Tomato 69 387 52 77
Tomato 44 332 63 90
Tomato 82 342 58 76
Tomato 0 421 38 75
Tomato 223 429 19 23
Tomato 197 488 24 25
Tomato 221 476 26 30
Tomato 0 666 52 54
Tomato 181 443 30 37
Tomato 190 462 26 27
Tomato 20 662 52 56
Tomato 206 456 25 32
Tomato 343 590 36 39
Tomato 428 478 50 73
Tomato 445 497 54 67
Tomato 473 56 52 47
Tomato 495 41 60 52
Tomato 78 58 52 52
Tomato 73 116 52 51
