Tomato 482 524 31 35
Tomato 634 67 61 51
Tomato 650 3 51 47
Tomato 662 39 53 46
Tomato 526 359 27 26
Tomato 531 313 31 34
Tomato 517 329 23 27
Tomato 35 135 34 29
Tomato 81 199 27 30
Tomato 84 176 37 37
Tomato 73 144 37 46
Tomato 56 162 33 37
Tomato 596 20 27 30
Tomato 352 629 53 57
Tomato 324 575 65 79
Tomato 288 532 72 77
Tomato 331 491 56 66
Tomato 362 570 48 59
Tomato 383 643 31 40
Tomato 149 304 43 46
Tomato 195 293 48 52
Tomato 164 263 50 60
Tomato 201 237 59 61
Tomato 170 199 71 75
Tomato 229 181 69 80
Tomato 204 183 55 65
Tomato 530 336 24 25
