Tomato 52 350 17 16
Tomato 59 358 15 17
Tomato 63 343 15 18
Tomato 37 329 20 23
Tomato 138 13 24 26
Tomato 133 25 20 22
Tomato 288 110 62 73
Tomato 280 130 44 49
Tomato 273 163 62 57
Tomato 345 111 57 70
Tomato 337 147 62 59
Tomato 328 181 58 72
Tomato 305 217 55 71
Tomato 273 197 57 57
Tomato 133 118 37 40
Tomato 136 95 32 28
Tomato 0 457 27 22
Tomato 7 436 26 24
Tomato 29 433 31 28
Tomato 341 601 66 66
Tomato 360 580 57 67
Tomato 346 511 77 105
Tomato 293 541 92 106
Tomato 264 620 73 87
Tomato 238 668 71 52
Tomato 85 579 61 49
