Tomato 301 10 20 22
Tomato 316 9 23 24
Tomato 130 638 24 21
Tomato 112 660 18 22
Tomato 124 654 26 25
Tomato 177 687 27 29
Tomato 145 606 25 24
Tomato 148 634 17 19
Tomato 99 667 20 19
Tomato 88 663 20 22
Tomato 141 451 21 22
Tomato 330 566 71 70
Tomato 362 531 58 74
Tomato 59 60 40 37
Tomato 22 64 43 50
Tomato 7 29 39 42
Tomato 96 520 38 37
Tomato 0 428 16 37
Tomato 237 563 42 51
Tomato 254 599 39 37
Tomato 268 551 40 49
Tomato 263 636 48 61
Tomato 311 451 61 74
Tomato 296 629 62 73
Tomato 263 144 21 22
Tomato 395 193 51 68
Tomato 343 193 68 83
Tomato 313 213 54 69
Tomato 342 228 48 56
Tomato 21 400 45 47
Tomato 0 342 48 57
Tomato 269 127 23 27
Tomato 248 136 25 25
