Tomato 186 64 28 32
Tomato 194 76 26 29
Tomato 75 286 27 36
Tomato 87 297 30 33
Tomato 117 243 40 45
Tomato 108 262 25 35
Tomato 0 82 68 157
Tomato 139 89 29 34
Tomato 225 93 24 29
Tomato 202 91 22 30
Tomato 249 578 24 30
Tomato 264 573 25 32
Tomato 396 611 31 34
Tomato 496 480 32 37
Tomato 409 432 29 38
Tomato 424 413 40 44
Tomato 443 384 25 30
Tomato 462 339 42 52
Tomato 689 399 30 35
Tomato 446 240 28 30
Tomato 463 240 28 37
Tomato 473 227 29 33
Tomato 485 212 26 27
Tomato 522 243 21 27
Tomato 509 235 24 23
Tomato 509 211 25 26
Tomato 455 198 31 32
Tomato 482 188 29 31
Tomato 499 181 35 42
Tomato 459 173 34 37
Tomato 485 164 32 37
Tomato 511 50 25 27
Tomato 522 63 21 28
Tomato 504 70 27 35
Tomato 645 618 21 23
Tomato 698 183 22 31
