Tomato 204 465 24 27
Tomato 344 218 33 30
Tomato 358 301 34 32
Tomato 444 239 63 61
Tomato 406 223 26 26
Tomato 354 186 27 26
Tomato 141 593 24 28
Tomato 34 498 35 41
Tomato 461 409 16 19
Tomato 9 236 26 35
Tomato 444 399 18 19
Tomato 7 388 30 27
Tomato 0 410 29 38
Tomato 23 80 35 38
Tomato 10 86 30 38
Tomato 381 342 28 32
Tomato 357 329 34 39
Tomato 427 270 72 67
Tomato 469 284 64 56
Tomato 476 236 67 61
Tomato 495 190 62 53
Tomato 513 134 53 42
Tomato 500 163 43 40
Tomato 101 645 22 19
Tomato 178 595 19 22
Tomato 372 216 25 28
Tomato 156 615 24 23
Tomato 162 593 24 24
Tomato 216 498 27 27
Tomato 474 552 86 69
Tomato 487 494 89 89
Tomato 372 39 26 35
Tomato 339 44 30 29
Tomato 335 65 31 30
Tomato 8 214 27 29
Tomato 0 222 29 31
