Tomato 508 662 31 35
Tomato 476 688 33 32
Tomato 430 568 28 34
Tomato 445 563 26 32
Tomato 556 457 38 41
Tomato 444 671 29 40
Tomato 461 669 33 40
Tomato 484 662 34 35
Tomato 137 358 76 74
Tomato 416 532 22 23
Tomato 428 533 26 27
Tomato 458 335 31 34
Tomato 472 349 32 35
Tomato 433 387 27 33
Tomato 446 373 32 38
Tomato 460 381 37 39
Tomato 442 401 25 30
Tomato 659 394 19 24
Tomato 646 412 22 23
Tomato 635 408 24 30
Tomato 658 494 30 37
Tomato 548 127 18 20
Tomato 556 116 22 23
Tomato 568 119 18 23
Tomato 534 256 21 25
Tomato 270 246 31 34
Tomato 257 219 40 39
Tomato 235 217 38 41
Tomato 254 34 41 41
Tomato 293 19 40 44
Tomato 545 224 25 24
Tomato 303 70 32 29
Tomato 291 88 29 31
Tomato 272 64 33 35
Tomato 285 52 37 31
Tomato 372 568 18 22
Tomato 378 575 21 22
Tomato 387 588 20 21
Tomato 0 200 26 38
Tomato 6 225 30 29
Tomato 17 225 29 37
Tomato 20 205 31 36
Tomato 660 340 40 40
