Tomato 75 100 24 31
Tomato 87 610 33 29
Tomato 311 641 105 79
Tomato 305 585 112 88
Tomato 501 378 76 91
Tomato 554 381 72 87
Tomato 446 299 103 127
Tomato 500 269 91 110
Tomato 359 412 32 34
Tomato 512 0 70 68
Tomato 555 0 66 67
Tomato 400 114 29 30
Tomato 205 562 31 37
Tomato 17 540 47 45
Tomato 65 603 27 32
Tomato 51 591 32 37
Tomato 42 566 38 38
Tomato 76 616 26 30
Tomato 6 343 27 27
Tomato 52 328 27 47
Tomato 42 333 23 45
Tomato 34 339 21 30
Tomato 20 350 27 30
Tomato 7 364 23 28
Tomato 0 382 14 18
Tomato 68 557 37 36
Tomato 78 580 31 34
Tomato 74 217 26 30
