Tomato 106 272 92 107
Tomato 148 294 75 116
Tomato 197 337 57 73
Tomato 191 379 62 63
Tomato 147 366 67 66
Tomato 489 687 34 33
Tomato 596 47 72 75
Tomato 550 15 71 75
Tomato 498 252 34 32
Tomato 288 61 33 39
Tomato 288 119 32 28
Tomato 114 33 52 51
Tomato 151 18 51 50
Tomato 179 0 64 49
Tomato 210 12 50 51
Tomato 486 656 35 41
Tomato 583 90 61 67
Tomato 497 636 39 36
Tomato 537 546 26 25
Tomato 329 598 33 34
Tomato 105 354 31 30
Tomato 93 387 28 27
Tomato 156 456 41 39
Tomato 151 477 33 37
Tomato 170 485 33 34
Tomato 196 491 30 29
Tomato 506 434 29 33
Tomato 495 427 25 42
Tomato 316 452 26 27
Tomato 315 621 36 40
Tomato 561 135 51 55
Tomato 523 114 55 66
Tomato 545 73 69 77
