Tomato 439 639 53 62
Tomato 134 108 36 47
Tomato 491 409 31 39
Tomato 523 404 18 16
Tomato 574 467 14 14
Tomato 232 115 23 23
Tomato 23 372 16 18
Tomato 37 372 15 23
Tomato 16 481 19 22
Tomato 0 486 19 21
Tomato 197 136 28 29
Tomato 579 183 50 49
Tomato 484 624 70 77
Tomato 280 623 49 55
Tomato 245 594 53 58
Tomato 414 452 70 81
Tomato 210 521 51 48
Tomato 110 430 120 95
Tomato 48 458 68 67
Tomato 14 509 86 89
Tomato 68 530 93 93
Tomato 113 556 96 98
Tomato 151 643 88 74
Tomato 0 105 53 62
Tomato 60 34 82 101
Tomato 14 76 59 62
Tomato 12 31 56 70
Tomato 0 77 41 69
