Tomato 516 582 28 37
Tomato 532 573 30 40
Tomato 630 119 19 23
Tomato 638 108 22 27
Tomato 649 116 16 20
Tomato 14 557 41 43
Tomato 142 568 24 28
Tomato 225 458 25 31
Tomato 429 540 25 33
Tomato 535 693 31 27
Tomato 556 689 32 31
Tomato 576 676 30 39
Tomato 593 674 36 38
Tomato 607 257 19 23
Tomato 620 220 25 25
Tomato 542 384 29 37
Tomato 610 567 25 28
Tomato 16 653 45 54
Tomato 17 570 38 39
Tomato 31 506 43 35
Tomato 0 480 32 37
Tomato 30 238 50 60
Tomato 38 190 52 57
Tomato 65 165 38 41
Tomato 85 195 32 35
Tomato 419 0 44 37
Tomato 466 33 33 39
Tomato 391 133 37 37
Tomato 432 127 58 68
Tomato 426 201 41 44
Tomato 439 237 32 32
Tomato 373 178 21 27
Tomato 390 168 42 47
Tomato 391 206 42 37
Tomato 306 365 68 88
Tomato 337 363 69 87
Tomato 356 161 30 32
Tomato 335 163 24 31
