Tomato 178 62 18 21
Tomato 166 181 32 42
Tomato 182 41 29 30
Tomato 194 20 30 35
Tomato 0 113 59 107
Tomato 0 192 81 108
Tomato 59 237 46 52
Tomato 42 206 60 72
Tomato 494 124 92 104
Tomato 445 77 78 99
Tomato 144 636 16 20
Tomato 138 611 25 23
Tomato 254 308 35 38
Tomato 224 338 36 36
Tomato 253 332 40 51
Tomato 228 363 39 36
Tomato 277 393 42 35
Tomato 196 353 45 48
Tomato 184 381 28 26
Tomato 170 374 29 23
Tomato 182 502 28 34
Tomato 613 241 30 35
Tomato 590 247 39 40
Tomato 270 508 31 42
Tomato 261 488 29 30
Tomato 132 666 26 26
Tomato 619 686 59 34
Tomato 561 646 76 74
Tomato 478 630 100 90
Tomato 468 575 103 92
Tomato 527 225 60 55
Tomato 614 119 22 29
Tomato 621 112 23 31
