Tomato 174 592 63 65
Tomato 113 553 60 62
Tomato 176 531 73 71
Tomato 133 407 85 99
Tomato 147 13 18 17
Tomato 139 12 15 22
Tomato 595 194 23 24
Tomato 615 214 20 20
Tomato 629 201 15 21
Tomato 124 22 22 21
Tomato 0 167 28 40
Tomato 63 0 31 35
Tomato 356 573 31 29
Tomato 182 71 45 59
Tomato 187 54 46 46
Tomato 12 380 34 35
Tomato 7 437 28 29
Tomato 317 454 26 28
Tomato 592 43 25 25
Tomato 580 38 22 23
Tomato 620 71 19 22
Tomato 617 50 25 23
Tomato 593 213 19 23
Tomato 273 509 62 65
Tomato 595 351 32 31
