Tomato 563 155 37 36
Tomato 336 79 42 50
Tomato 579 58 70 66
Tomato 606 102 45 45
Tomato 558 106 53 53
Tomato 567 326 90 121
Tomato 615 295 81 99
Tomato 669 362 51 76
Tomato 627 392 75 79
Tomato 543 511 73 77
Tomato 97 47 43 46
Tomato 212 76 41 49
Tomato 50 262 99 90
Tomato 0 303 70 98
Tomato 0 569 61 68
Tomato 26 520 71 72
Tomato 77 329 75 68
Tomato 0 404 52 93
Tomato 300 404 32 32
Tomato 306 428 28 28
Tomato 336 431 26 29
Tomato 330 451 28 30
Tomato 92 413 101 89
Tomato 454 417 44 52
Tomato 516 0 75 73
