Tomato 469 186 56 78
Tomato 474 239 47 47
Tomato 475 186 71 90
Tomato 475 270 56 69
Tomato 405 216 55 58
Tomato 507 658 18 23
Tomato 528 657 17 21
Tomato 519 662 16 19
Tomato 237 78 38 39
Tomato 220 45 45 39
Tomato 153 28 35 45
Tomato 133 23 37 43
Tomato 646 294 34 42
Tomato 355 246 30 44
Tomato 341 249 26 48
Tomato 331 251 27 27
Tomato 256 463 39 46
Tomato 364 541 104 98
Tomato 358 613 55 68
Tomato 333 616 53 72
Tomato 313 417 35 34
Tomato 294 409 36 36
Tomato 156 260 51 63
Tomato 97 244 63 71
Tomato 51 482 63 85
Tomato 111 497 67 84
Tomato 117 566 64 77
Tomato 130 616 49 78
Tomato 107 643 44 58
Tomato 259 70 35 38
Tomato 277 47 39 51
