Tomato 503 666 53 54
Tomato 187 681 39 33
Tomato 225 671 38 37
Tomato 234 642 35 38
Tomato 193 656 36 35
Tomato 625 200 72 82
Tomato 205 384 37 37
Tomato 239 441 36 44
Tomato 202 437 37 36
Tomato 208 455 29 35
Tomato 480 93 52 55
Tomato 503 42 44 42
Tomato 579 37 43 48
Tomato 568 59 42 42
Tomato 579 81 45 42
Tomato 534 61 50 53
Tomato 488 66 52 52
Tomato 175 116 25 28
Tomato 188 118 29 27
Tomato 195 133 26 25
Tomato 208 148 23 25
Tomato 0 133 18 22
Tomato 14 127 20 24
Tomato 0 0 14 20
Tomato 5 2 20 22
Tomato 14 14 17 24
Tomato 22 18 18 23
Tomato 0 14 13 21
Tomato 464 534 23 25
