Tomato 4 285 68 80
Tomato 406 589 179 131
Tomato 448 497 122 140
Tomato 398 352 36 41
Tomato 381 303 36 37
Tomato 398 312 32 33
Tomato 313 253 22 28
Tomato 409 278 35 33
Tomato 482 75 31 36
Tomato 437 104 32 33
Tomato 426 124 34 33
Tomato 571 543 85 137
Tomato 20 652 70 68
Tomato 0 332 57 91
Tomato 501 105 22 27
Tomato 491 90 26 28
Tomato 323 114 17 23
Tomato 322 130 24 21
Tomato 535 9 22 25
Tomato 355 11 17 24
Tomato 339 19 16 23
Tomato 153 147 53 60
Tomato 452 98 31 30
Tomato 24 235 45 52
Tomato 518 0 25 34
Tomato 537 23 19 23
Tomato 170 70 38 38
Tomato 340 121 18 17
Tomato 345 86 25 24
