Tomato 349 301 24 23
Tomato 401 645 66 69
Tomato 427 618 76 78
Tomato 445 574 92 106
Tomato 382 576 89 83
Tomato 473 495 122 133
Tomato 15 187 32 32
Tomato 447 362 28 35
Tomato 462 376 29 30
Tomato 450 388 25 29
Tomato 430 379 31 29
Tomato 473 335 34 30
Tomato 365 435 26 28
Tomato 20 594 76 91
Tomato 93 487 111 127
Tomato 42 488 88 74
Tomato 37 562 61 52
Tomato 60 527 87 82
Tomato 438 518 52 52
Tomato 667 627 30 31
Tomato 696 690 24 30
Tomato 578 337 21 22
Tomato 596 88 69 87
Tomato 557 66 73 77
Tomato 455 168 49 45
Tomato 467 108 70 85
Tomato 147 119 88 117
Tomato 113 166 77 103
Tomato 72 141 78 74
Tomato 39 192 78 78
Tomato 75 190 71 72
Tomato 79 241 64 59
Tomato 504 75 75 114
Tomato 545 103 75 98
