Tomato 279 133 64 66
Tomato 37 294 59 79
Tomato 277 495 95 100
Tomato 230 531 102 109
Tomato 342 264 67 72
Tomato 371 307 48 52
Tomato 401 306 47 53
Tomato 626 456 37 37
Tomato 627 428 44 44
Tomato 185 216 28 36
Tomato 368 222 63 68
Tomato 201 297 54 58
Tomato 0 286 66 84
Tomato 35 0 61 58
Tomato 208 637 82 83
Tomato 145 315 34 41
Tomato 550 537 38 39
Tomato 637 626 69 67
Tomato 544 661 58 51
Tomato 602 484 28 31
Tomato 557 504 30 33
Tomato 585 460 44 39
Tomato 582 491 36 49
Tomato 640 242 26 31
Tomato 652 250 24 25
Tomato 662 234 28 29
Tomato 230 448 83 87
Tomato 357 170 72 80
Tomato 297 292 68 67
Tomato 298 220 94 102
Tomato 273 179 72 62
