Tomato 693 501 27 34
Tomato 673 423 25 25
Tomato 686 434 22 26
Tomato 571 399 25 26
Tomato 587 411 21 24
Tomato 596 422 20 23
Tomato 682 304 16 19
Tomato 666 312 15 19
Tomato 675 313 15 18
Tomato 519 159 64 75
Tomato 575 193 29 34
Tomato 547 262 54 57
Tomato 104 345 43 51
Tomato 89 458 56 63
Tomato 362 616 56 54
Tomato 397 561 48 56
Tomato 396 518 74 94
Tomato 319 471 56 58
Tomato 324 411 80 92
Tomato 357 484 72 62
Tomato 409 456 81 84
Tomato 576 580 33 31
Tomato 96 103 50 51
Tomato 348 540 68 80
Tomato 132 61 56 48
Tomato 599 584 37 39
