Tomato 85 68 51 56
Tomato 485 213 31 29
Tomato 619 506 30 30
Tomato 522 357 24 23
Tomato 661 486 59 103
Tomato 526 577 24 29
Tomato 627 409 93 109
Tomato 630 35 72 70
Tomato 579 41 70 84
Tomato 569 17 56 38
Tomato 534 42 36 42
Tomato 488 59 29 30
Tomato 117 31 63 46
Tomato 181 112 40 47
Tomato 171 78 47 58
Tomato 106 100 53 62
Tomato 66 94 47 56
Tomato 97 145 33 38
Tomato 44 119 41 42
Tomato 94 438 85 91
Tomato 47 462 69 92
Tomato 19 512 41 55
Tomato 9 559 54 55
Tomato 493 193 28 25
Tomato 510 202 23 24
Tomato 383 664 37 38
Tomato 340 646 22 20
Tomato 331 645 16 19
Tomato 472 330 32 41
