Tomato 274 87 21 23
Tomato 130 202 26 24
Tomato 118 208 27 30
Tomato 672 235 18 19
Tomato 99 249 25 32
Tomato 115 240 27 31
Tomato 272 104 24 28
Tomato 296 89 27 27
Tomato 117 102 20 25
Tomato 120 86 23 26
Tomato 161 59 23 24
Tomato 379 67 59 77
Tomato 340 106 48 55
Tomato 340 149 44 47
Tomato 263 257 35 39
Tomato 254 232 40 53
Tomato 296 244 41 50
Tomato 288 264 30 36
Tomato 261 276 29 37
Tomato 267 293 28 39
Tomato 281 300 35 40
Tomato 239 379 40 47
Tomato 669 211 21 31
Tomato 662 259 22 27
Tomato 645 217 28 33
Tomato 651 256 20 27
Tomato 628 199 31 35
Tomato 617 186 27 27
Tomato 316 486 67 73
Tomato 640 345 39 54
Tomato 339 252 102 100
Tomato 326 331 74 85
Tomato 357 317 81 106
Tomato 282 392 91 113
Tomato 423 343 80 88
Tomato 355 429 67 83
Tomato 425 378 69 78
Tomato 413 195 49 62
Tomato 284 475 55 68
Tomato 374 469 57 78
Tomato 431 474 70 92
Tomato 390 512 62 87
