Tomato 670 443 50 59
Tomato 265 158 53 62
Tomato 90 79 27 34
Tomato 65 106 31 37
Tomato 496 605 28 30
Tomato 491 38 37 40
Tomato 661 191 46 47
Tomato 635 174 46 51
Tomato 689 204 31 57
Tomato 657 226 44 50
Tomato 624 210 43 51
Tomato 104 99 38 37
Tomato 520 235 24 30
Tomato 517 191 28 33
Tomato 487 189 36 40
Tomato 489 215 32 34
Tomato 487 242 25 26
Tomato 498 255 24 30
Tomato 209 32 35 44
Tomato 188 16 45 42
Tomato 630 389 61 64
Tomato 673 407 47 70
Tomato 621 418 57 54
Tomato 609 449 57 65
Tomato 645 481 48 58
Tomato 264 239 55 65
Tomato 230 252 56 66
Tomato 258 291 43 42
Tomato 215 421 75 74
Tomato 186 467 89 87
