Tomato 385 667 71 53
Tomato 427 640 78 78
Tomato 383 630 67 73
Tomato 441 547 34 39
Tomato 554 591 20 26
Tomato 383 584 54 63
Tomato 554 560 27 26
Tomato 544 600 19 22
Tomato 560 602 22 27
Tomato 457 510 38 42
Tomato 689 595 31 69
Tomato 146 665 25 24
Tomato 140 653 23 23
Tomato 149 627 27 27
Tomato 132 633 21 25
Tomato 166 604 32 32
Tomato 25 548 25 29
Tomato 108 426 31 32
Tomato 81 430 26 30
Tomato 103 417 24 26
Tomato 248 58 38 37
Tomato 273 57 40 55
Tomato 299 79 42 48
Tomato 304 38 39 49
Tomato 389 199 80 89
Tomato 46 397 20 25
Tomato 77 413 19 25
Tomato 184 32 20 26
Tomato 197 35 21 23
Tomato 203 48 19 25
Tomato 459 315 56 59
Tomato 456 362 47 49
Tomato 81 116 23 24
Tomato 567 379 19 19
Tomato 579 370 19 19
Tomato 684 351 18 18
Tomato 212 162 19 20
Tomato 556 15 18 22
Tomato 558 31 17 17
Tomato 551 31 14 15
Tomato 544 118 20 30
