Tomato 61 630 52 63
Tomato 68 592 64 64
Tomato 91 552 62 64
Tomato 124 322 55 62
Tomato 79 221 65 73
Tomato 0 110 25 44
Tomato 13 87 38 47
Tomato 54 169 21 23
Tomato 625 224 48 52
Tomato 656 208 64 90
Tomato 653 528 67 84
Tomato 641 554 45 67
Tomato 621 587 34 38
Tomato 547 528 29 29
Tomato 172 153 25 24
Tomato 193 160 26 29
Tomato 531 536 22 24
Tomato 543 450 20 21
Tomato 552 442 21 22
Tomato 565 358 20 17
Tomato 381 186 46 66
Tomato 414 188 42 51
Tomato 431 159 43 47
Tomato 368 148 47 47
Tomato 428 87 48 58
Tomato 358 202 17 18
Tomato 49 82 55 62
