Tomato 605 0 77 50
Tomato 301 554 43 55
Tomato 319 591 43 46
Tomato 326 622 41 42
Tomato 185 45 22 29
Tomato 136 193 20 21
Tomato 149 180 29 41
Tomato 136 216 23 24
Tomato 321 86 30 38
Tomato 271 215 27 30
Tomato 281 233 27 26
Tomato 308 231 20 26
Tomato 304 215 25 25
Tomato 118 351 16 18
Tomato 104 540 22 26
Tomato 144 498 31 32
Tomato 143 549 30 28
Tomato 350 372 33 35
Tomato 333 351 34 38
Tomato 373 449 22 23
Tomato 542 30 51 47
Tomato 465 57 47 41
Tomato 314 359 38 38
Tomato 324 394 31 34
Tomato 300 200 29 27
Tomato 158 351 37 41
Tomato 487 15 61 64
Tomato 196 64 23 22
