Tomato 406 510 34 30
Tomato 464 435 69 73
Tomato 463 504 50 56
Tomato 427 265 26 31
Tomato 442 288 24 24
Tomato 411 265 24 23
Tomato 424 166 24 27
Tomato 438 173 19 22
Tomato 417 158 22 20
Tomato 426 45 17 18
Tomato 523 66 31 37
Tomato 524 24 39 40
Tomato 518 43 37 35
Tomato 452 302 16 19
Tomato 304 484 18 21
Tomato 564 249 40 49
Tomato 518 235 46 51
Tomato 617 289 38 41
Tomato 569 285 33 33
Tomato 590 250 60 66
Tomato 512 278 47 54
Tomato 596 308 32 34
Tomato 550 257 40 51
Tomato 314 579 21 23
Tomato 0 45 13 23
Tomato 6 48 20 24
Tomato 46 263 48 52
Tomato 65 217 44 54
Tomato 85 199 53 63
Tomato 28 197 65 70
Tomato 25 162 69 62
Tomato 77 482 58 63
Tomato 95 515 39 54
Tomato 222 609 24 28
Tomato 214 623 23 25
Tomato 160 607 30 31
Tomato 370 376 42 43
Tomato 366 494 32 34
