Tomato 182 488 23 24
Tomato 614 272 58 69
Tomato 611 571 53 59
Tomato 599 612 57 56
Tomato 646 627 70 64
Tomato 593 75 40 54
Tomato 599 45 43 44
Tomato 619 32 43 47
Tomato 351 250 38 43
Tomato 171 495 20 21
Tomato 651 683 51 37
Tomato 386 268 44 39
Tomato 260 205 44 42
Tomato 322 212 44 37
Tomato 286 230 37 34
Tomato 319 515 52 61
Tomato 335 504 53 62
Tomato 376 499 55 66
Tomato 392 546 45 49
Tomato 0 93 31 69
Tomato 3 129 45 53
Tomato 27 116 48 68
Tomato 30 91 53 60
Tomato 0 644 10 25
Tomato 0 626 12 23
