Tomato 525 493 37 37
Tomato 458 511 37 42
Tomato 483 511 37 36
Tomato 505 518 38 35
Tomato 325 462 35 47
Tomato 179 406 35 35
Tomato 368 400 38 45
Tomato 169 300 32 33
Tomato 189 313 23 23
Tomato 200 301 34 32
Tomato 358 451 26 32
Tomato 323 406 40 43
Tomato 206 631 35 33
Tomato 366 285 25 31
Tomato 359 272 27 25
Tomato 352 257 28 25
Tomato 354 242 30 24
Tomato 330 584 29 38
Tomato 408 111 24 24
Tomato 423 114 22 25
Tomato 525 278 32 30
Tomato 531 302 30 26
Tomato 556 271 32 35
Tomato 568 257 31 34
Tomato 586 242 31 39
Tomato 608 254 36 39
Tomato 638 276 30 32
Tomato 381 93 26 22
Tomato 354 687 35 33
Tomato 380 239 24 29
Tomato 489 477 36 32
Tomato 476 542 37 30
Tomato 385 287 22 23
