Tomato 341 0 41 41
Tomato 44 397 49 61
Tomato 72 204 45 57
Tomato 111 107 58 53
Tomato 306 619 41 46
Tomato 289 599 47 48
Tomato 324 536 42 49
Tomato 275 508 43 48
Tomato 240 506 58 79
Tomato 201 506 58 78
Tomato 180 560 24 28
Tomato 195 560 26 34
Tomato 99 524 31 34
Tomato 116 489 35 39
Tomato 28 189 19 22
Tomato 39 185 21 26
Tomato 249 231 37 45
Tomato 266 218 59 69
Tomato 291 158 60 68
Tomato 326 129 42 56
Tomato 353 148 40 42
Tomato 355 166 35 46
Tomato 681 370 39 94
Tomato 50 296 26 26
Tomato 101 206 36 43
Tomato 92 133 43 44
