Tomato 248 82 27 30
Tomato 248 247 38 42
Tomato 231 83 23 26
Tomato 224 104 21 23
Tomato 255 97 27 31
Tomato 235 99 24 24
Tomato 219 282 27 32
Tomato 225 686 37 33
Tomato 246 677 45 43
Tomato 602 253 17 22
Tomato 585 259 15 19
Tomato 591 254 16 17
Tomato 504 298 20 21
Tomato 257 606 21 23
Tomato 244 602 20 20
Tomato 480 621 21 25
Tomato 390 517 28 26
Tomato 240 263 37 39
Tomato 211 294 25 25
Tomato 613 196 31 37
Tomato 610 274 89 94
Tomato 554 73 40 32
Tomato 556 48 38 35
Tomato 559 8 35 32
Tomato 666 395 53 66
Tomato 656 228 64 96
