Tomato 691 18 29 51
Tomato 634 54 57 61
Tomato 59 533 87 97
Tomato 37 178 71 76
Tomato 98 209 66 68
Tomato 51 226 65 70
Tomato 116 239 50 60
Tomato 45 262 66 63
Tomato 78 305 45 48
Tomato 110 304 31 40
Tomato 111 293 47 60
Tomato 160 333 24 27
Tomato 254 600 24 24
Tomato 264 580 24 28
Tomato 278 582 21 26
Tomato 366 578 26 31
Tomato 401 466 29 30
Tomato 405 442 25 33
Tomato 439 442 43 46
Tomato 433 463 38 38
Tomato 351 589 29 25
Tomato 185 418 43 47
Tomato 482 249 23 32
Tomato 488 227 35 39
Tomato 521 260 27 28
Tomato 622 21 50 39
Tomato 533 138 22 30
Tomato 104 115 21 25
Tomato 409 334 23 22
Tomato 414 350 22 22
