Tomato 568 475 16 17
Tomato 575 453 21 24
Tomato 573 465 15 15
Tomato 558 479 15 15
Tomato 495 440 24 21
Tomato 349 677 27 27
Tomato 209 673 64 47
Tomato 658 516 37 46
Tomato 678 505 35 51
Tomato 668 540 33 42
Tomato 647 574 30 33
Tomato 406 79 29 26
Tomato 396 91 24 25
Tomato 62 107 39 42
Tomato 474 652 56 62
Tomato 450 647 49 47
Tomato 336 665 29 32
Tomato 637 358 38 44
Tomato 622 395 41 43
Tomato 309 378 53 53
Tomato 319 453 55 56
Tomato 289 468 52 55
Tomato 383 130 22 27
Tomato 398 118 23 28
