Tomato 644 655 17 25
Tomato 441 0 85 51
Tomato 456 24 68 78
Tomato 49 115 39 43
Tomato 42 152 30 32
Tomato 311 351 61 55
Tomato 358 382 75 60
Tomato 402 162 44 46
Tomato 419 180 47 44
Tomato 434 200 41 42
Tomato 630 644 27 37
Tomato 661 657 15 18
Tomato 615 550 26 31
Tomato 597 490 17 24
Tomato 624 468 16 22
Tomato 630 483 16 16
Tomato 637 462 19 25
Tomato 639 446 21 23
Tomato 652 434 32 40
Tomato 674 174 39 50
Tomato 662 199 26 29
Tomato 679 215 32 38
Tomato 83 93 36 47
Tomato 387 332 40 54
Tomato 679 64 20 20
Tomato 686 30 31 35
Tomato 691 70 23 27
Tomato 125 596 73 73
