Tomato 660 574 19 25
Tomato 644 479 17 21
Tomato 89 598 26 30
Tomato 105 598 27 28
Tomato 178 434 32 36
Tomato 198 332 33 34
Tomato 188 501 21 25
Tomato 86 6 31 37
Tomato 108 3 28 41
Tomato 69 0 35 24
Tomato 36 0 32 22
Tomato 27 0 33 30
Tomato 468 0 35 26
Tomato 487 0 37 43
Tomato 92 341 28 26
Tomato 182 375 24 24
Tomato 247 157 40 41
Tomato 295 58 20 22
Tomato 395 38 36 37
Tomato 385 128 23 24
Tomato 441 173 45 35
Tomato 478 267 47 54
Tomato 569 369 44 45
Tomato 549 482 43 45
Tomato 588 502 37 40
Tomato 552 612 27 29
Tomato 559 598 29 28
Tomato 592 255 21 27
Tomato 606 257 29 30
Tomato 628 279 27 26
Tomato 647 162 22 25
Tomato 634 158 26 25
Tomato 630 147 25 23
Tomato 423 224 49 51
Tomato 452 197 27 29
Tomato 444 230 72 78
Tomato 565 574 20 21
Tomato 574 463 37 34
