Tomato 28 514 66 78
Tomato 54 308 49 46
Tomato 38 267 51 56
Tomato 59 232 55 52
Tomato 102 229 61 80
Tomato 88 276 49 52
Tomato 153 1 34 38
Tomato 643 32 43 78
Tomato 653 9 46 66
Tomato 514 54 23 30
Tomato 487 62 27 25
Tomato 85 180 40 45
Tomato 651 514 62 77
Tomato 592 509 86 109
Tomato 510 602 71 94
Tomato 111 493 78 71
Tomato 488 347 23 32
Tomato 495 323 38 37
Tomato 490 479 93 104
Tomato 673 39 47 60
Tomato 474 473 76 82
Tomato 562 471 95 92
Tomato 486 79 28 28
Tomato 551 536 54 52
Tomato 637 448 67 88
Tomato 545 452 54 46
