Tomato 83 573 83 91
Tomato 22 469 99 108
Tomato 94 453 75 105
Tomato 64 261 61 63
Tomato 30 222 74 76
Tomato 62 127 62 83
Tomato 102 119 66 69
Tomato 147 166 49 58
Tomato 301 392 39 38
Tomato 594 470 45 55
Tomato 561 443 56 63
Tomato 530 383 62 79
Tomato 555 412 55 48
Tomato 607 432 54 59
Tomato 588 398 61 70
Tomato 518 218 38 41
Tomato 544 205 42 53
Tomato 576 224 37 41
Tomato 598 204 40 55
Tomato 590 128 62 67
Tomato 527 164 47 60
Tomato 566 189 46 50
Tomato 299 420 25 25
Tomato 297 437 28 23
Tomato 341 74 22 28
