Tomato 227 7 20 23
Tomato 236 20 19 28
Tomato 194 15 22 22
Tomato 133 501 27 34
Tomato 113 423 25 25
Tomato 126 434 22 26
Tomato 11 399 25 26
Tomato 27 411 21 24
Tomato 36 422 20 23
Tomato 122 304 16 19
Tomato 106 312 15 19
Tomato 115 313 15 18
Tomato 15 193 29 34
Tomato 0 262 41 57
Tomato 581 451 29 33
Tomato 16 580 33 31
Tomato 328 459 86 94
Tomato 363 523 60 62
Tomato 365 629 57 59
Tomato 392 661 51 50
Tomato 364 243 72 86
Tomato 403 283 58 66
Tomato 561 436 36 37
Tomato 599 443 29 43
Tomato 559 633 32 35
Tomato 559 661 32 30
Tomato 555 697 26 23
Tomato 531 691 29 28
Tomato 523 669 32 32
Tomato 39 584 37 39
Tomato 524 649 31 28
Tomato 614 467 32 31
Tomato 393 127 22 26
Tomato 408 131 24 25
Tomato 419 145 21 26
Tomato 427 160 21 24
Tomato 439 159 19 24
Tomato 214 2 19 21
