Tomato 327 615 57 61
Tomato 355 649 56 51
Tomato 336 510 57 60
Tomato 372 445 87 98
Tomato 410 232 83 90
Tomato 445 273 59 68
Tomato 460 217 52 63
Tomato 506 250 38 36
Tomato 444 427 25 26
Tomato 123 0 49 37
Tomato 155 0 48 37
Tomato 0 565 30 55
Tomato 0 392 41 78
Tomato 0 503 35 77
Tomato 10 521 40 45
Tomato 23 487 61 80
Tomato 37 436 62 74
Tomato 0 453 53 55
Tomato 165 330 43 49
Tomato 136 192 45 51
Tomato 165 166 48 60
Tomato 545 130 20 18
Tomato 558 133 20 22
Tomato 539 118 27 21
Tomato 574 127 20 24
Tomato 548 0 26 20
Tomato 565 2 20 22
Tomato 574 14 17 24
Tomato 582 18 18 23
Tomato 555 14 18 21
Tomato 534 10 19 20
Tomato 542 597 27 28
Tomato 161 144 39 44
Tomato 245 88 22 24
Tomato 261 81 21 20
Tomato 271 108 22 25
Tomato 258 94 27 24
