Tomato 549 392 32 35
Tomato 250 236 65 77
Tomato 278 276 44 51
Tomato 252 298 43 42
Tomato 227 237 47 72
Tomato 224 51 29 33
Tomato 246 52 31 36
Tomato 247 23 36 38
Tomato 197 0 45 46
Tomato 565 414 25 25
Tomato 576 403 26 27
Tomato 537 375 39 39
Tomato 527 349 37 43
Tomato 541 336 41 47
Tomato 547 549 49 48
Tomato 551 517 52 45
Tomato 653 112 30 27
Tomato 462 85 34 27
Tomato 669 211 32 30
Tomato 501 202 38 33
Tomato 523 192 24 26
Tomato 532 200 25 25
Tomato 0 140 13 20
Tomato 475 645 25 24
Tomato 90 428 72 85
