Tomato 320 173 22 26
Tomato 511 111 45 46
Tomato 534 113 85 107
Tomato 560 192 81 108
Tomato 619 237 46 52
Tomato 602 206 60 72
Tomato 704 636 16 20
Tomato 698 611 22 23
Tomato 534 76 46 57
Tomato 692 666 26 26
Tomato 400 545 122 109
Tomato 333 577 108 100
Tomato 359 623 106 97
Tomato 254 571 95 93
Tomato 121 468 28 29
Tomato 114 437 32 43
Tomato 103 420 35 32
Tomato 155 295 31 32
Tomato 141 278 36 29
Tomato 134 259 30 27
Tomato 135 608 23 25
Tomato 119 601 26 27
Tomato 68 537 43 38
Tomato 99 618 30 30
Tomato 72 613 35 28
Tomato 464 89 55 79
Tomato 492 72 49 73
Tomato 430 77 53 62
