Tomato 266 31 17 21
Tomato 102 237 28 27
Tomato 76 258 26 26
Tomato 81 242 31 30
Tomato 117 666 36 41
Tomato 248 610 60 82
Tomato 234 305 22 21
Tomato 604 442 70 105
Tomato 187 486 67 62
Tomato 213 500 75 71
Tomato 247 534 66 73
Tomato 63 493 70 64
Tomato 127 487 43 55
Tomato 85 468 67 71
Tomato 65 358 71 83
Tomato 41 288 81 93
Tomato 251 22 15 19
Tomato 257 25 16 21
Tomato 10 634 70 75
Tomato 686 28 34 91
Tomato 241 365 41 42
Tomato 650 428 70 108
Tomato 41 18 65 67
Tomato 77 25 58 63
Tomato 84 68 61 70
Tomato 114 102 54 67
Tomato 218 79 52 56
Tomato 224 290 25 27
Tomato 207 112 37 52
Tomato 206 417 106 77
