Tomato 252 388 33 28
Tomato 370 0 78 69
Tomato 459 413 27 29
Tomato 440 424 24 28
Tomato 708 355 12 21
Tomato 252 129 57 44
Tomato 264 418 26 30
Tomato 81 197 24 24
Tomato 90 185 21 21
Tomato 57 175 24 23
Tomato 498 194 35 35
Tomato 261 228 24 24
Tomato 250 247 45 39
Tomato 257 424 22 25
Tomato 701 261 14 14
Tomato 708 254 12 17
Tomato 190 655 32 32
Tomato 419 512 89 85
Tomato 211 512 54 67
Tomato 1 483 43 47
Tomato 415 398 49 56
Tomato 388 361 78 69
Tomato 387 299 85 92
Tomato 382 237 113 114
Tomato 450 259 92 106
Tomato 480 521 86 99
Tomato 408 0 81 80
