Tomato 102 238 20 21
Tomato 465 342 52 53
Tomato 440 360 28 37
Tomato 519 604 111 116
Tomato 448 574 107 116
Tomato 526 524 112 129
Tomato 375 585 111 120
Tomato 178 604 52 51
Tomato 137 600 49 38
Tomato 153 145 39 53
Tomato 140 152 29 36
Tomato 132 178 22 28
Tomato 140 320 45 49
Tomato 151 372 36 38
Tomato 117 367 34 37
Tomato 125 385 31 38
Tomato 102 383 29 35
Tomato 126 415 26 25
Tomato 74 565 32 27
Tomato 149 7 21 23
Tomato 153 30 18 21
Tomato 140 23 18 22
Tomato 129 36 28 29
Tomato 168 17 21 26
Tomato 501 79 67 84
Tomato 137 427 24 25
Tomato 482 79 69 82
Tomato 534 102 60 71
Tomato 563 114 45 63
Tomato 543 120 112 110
Tomato 617 212 78 79
Tomato 560 190 88 93
Tomato 553 400 31 32
Tomato 500 347 57 65
