Tomato 84 353 41 42
Tomato 103 344 37 49
Tomato 0 665 21 27
Tomato 84 218 33 27
Tomato 31 660 22 25
Tomato 0 583 30 36
Tomato 59 397 34 35
Tomato 78 394 28 33
Tomato 17 656 24 28
Tomato 395 576 30 28
Tomato 456 595 30 28
Tomato 471 492 26 28
Tomato 473 477 32 32
Tomato 459 372 28 31
Tomato 474 358 33 33
Tomato 678 332 42 57
Tomato 620 1 53 49
Tomato 649 5 66 58
Tomato 358 398 20 22
Tomato 357 429 18 19
Tomato 350 422 19 21
Tomato 555 641 22 28
Tomato 557 661 23 26
Tomato 612 631 28 30
Tomato 604 663 22 23
