Tomato 629 656 52 56
Tomato 579 665 37 32
Tomato 569 687 34 30
Tomato 297 287 19 20
Tomato 344 233 30 34
Tomato 322 240 34 42
Tomato 307 271 24 28
Tomato 368 100 23 31
Tomato 355 105 23 27
Tomato 342 113 21 22
Tomato 659 357 27 25
Tomato 685 192 35 44
Tomato 680 157 40 47
Tomato 587 200 36 39
Tomato 610 212 60 46
Tomato 604 165 59 56
Tomato 597 250 48 54
Tomato 566 212 44 45
Tomato 328 0 36 28
Tomato 615 119 31 30
Tomato 621 100 22 25
Tomato 435 633 27 28
Tomato 199 653 31 28
Tomato 497 416 12 14
Tomato 492 424 13 13
Tomato 486 405 15 14
Tomato 477 393 16 21
Tomato 496 347 15 18
Tomato 484 337 19 21
Tomato 458 555 12 12
Tomato 453 539 14 16
Tomato 449 533 14 17
Tomato 473 515 13 16
Tomato 475 536 13 12
Tomato 472 529 13 14
Tomato 465 505 17 21
Tomato 424 521 18 20
Tomato 301 589 26 31
Tomato 688 523 32 55
Tomato 692 633 28 51
Tomato 681 561 39 63
Tomato 626 574 59 63
Tomato 605 621 58 61
Tomato 604 558 56 55
Tomato 587 505 58 71
Tomato 546 541 49 55
Tomato 571 592 40 43
Tomato 673 667 47 53
Tomato 647 104 20 23
