Tomato 631 580 35 39
Tomato 600 529 38 38
Tomato 0 560 63 105
Tomato 640 499 38 37
Tomato 331 510 16 19
Tomato 312 500 16 21
Tomato 335 519 15 17
Tomato 324 613 33 33
Tomato 490 310 29 32
Tomato 460 213 26 27
Tomato 485 218 23 25
Tomato 101 334 15 17
Tomato 96 325 15 17
Tomato 474 296 28 27
Tomato 631 325 41 40
Tomato 657 274 41 44
Tomato 608 584 35 35
Tomato 595 572 34 40
Tomato 464 181 31 30
Tomato 437 66 26 30
Tomato 492 331 30 28
Tomato 474 324 32 33
Tomato 36 541 96 107
Tomato 0 649 38 64
Tomato 86 96 76 65
Tomato 67 132 72 70
Tomato 71 178 54 52
Tomato 25 122 59 46
