Tomato 291 101 107 119
Tomato 357 29 95 139
Tomato 386 0 121 171
Tomato 291 0 129 138
Tomato 0 213 64 69
Tomato 485 550 26 29
Tomato 518 514 23 27
Tomato 535 500 19 26
Tomato 357 640 36 32
Tomato 696 193 20 21
Tomato 696 216 23 24
Tomato 678 351 16 18
Tomato 664 540 22 26
Tomato 704 498 16 32
Tomato 703 549 17 28
Tomato 72 644 134 76
Tomato 36 537 61 68
Tomato 77 505 78 110
Tomato 33 0 64 65
Tomato 73 10 60 61
Tomato 330 318 29 29
Tomato 345 296 30 32
Tomato 128 560 151 160
Tomato 236 21 115 133
Tomato 397 620 37 40
