Tomato 14 657 86 63
Tomato 401 48 75 81
Tomato 694 108 26 47
Tomato 583 372 16 18
Tomato 597 372 15 23
Tomato 576 481 19 22
Tomato 560 486 19 21
Tomato 544 470 21 26
Tomato 535 486 20 21
Tomato 531 474 18 23
Tomato 608 458 68 67
Tomato 574 509 86 89
Tomato 628 530 92 93
Tomato 560 105 53 62
Tomato 620 34 82 101
Tomato 574 76 59 62
Tomato 572 31 56 70
Tomato 541 77 60 69
Tomato 46 631 81 72
Tomato 86 573 88 99
Tomato 312 273 102 113
Tomato 345 360 95 101
Tomato 299 344 101 109
Tomato 375 3 82 80
