Tomato 155 514 35 42
Tomato 201 576 33 35
Tomato 232 484 42 49
Tomato 210 516 43 43
Tomato 185 506 36 41
Tomato 86 102 23 28
Tomato 482 466 27 24
Tomato 116 471 26 27
Tomato 60 453 26 30
Tomato 430 451 19 18
Tomato 459 472 18 17
Tomato 332 271 24 26
Tomato 259 250 35 34
Tomato 279 238 30 38
Tomato 304 246 36 42
Tomato 258 265 29 34
Tomato 227 273 29 31
Tomato 194 475 32 35
Tomato 19 224 29 41
Tomato 33 232 28 42
Tomato 68 231 25 31
Tomato 62 98 29 32
Tomato 605 183 29 32
Tomato 583 191 20 21
Tomato 665 255 51 52
Tomato 348 367 16 19
Tomato 361 368 17 20
Tomato 592 153 36 40
Tomato 662 135 35 42
Tomato 635 126 41 42
Tomato 633 152 35 35
Tomato 669 293 43 48
Tomato 236 297 33 29
Tomato 645 337 33 35
