Tomato 502 44 17 18
Tomato 259 556 18 18
Tomato 74 245 31 32
Tomato 150 468 42 45
Tomato 213 6 37 45
Tomato 233 25 35 40
Tomato 259 72 32 31
Tomato 185 243 50 65
Tomato 234 279 25 30
Tomato 195 294 54 45
Tomato 268 149 17 20
Tomato 97 336 26 27
Tomato 497 28 21 20
Tomato 514 53 15 16
Tomato 70 404 67 74
Tomato 200 277 45 46
Tomato 685 616 35 90
Tomato 407 433 80 94
Tomato 623 328 70 72
Tomato 637 246 61 69
Tomato 674 208 46 69
Tomato 614 201 59 70
Tomato 660 276 60 69
Tomato 587 163 77 88
Tomato 637 170 62 72
Tomato 403 657 71 63
Tomato 243 577 19 20
Tomato 255 567 16 17
Tomato 262 537 18 19
