Tomato 121 370 68 94
Tomato 170 363 81 99
Tomato 148 343 54 58
Tomato 156 261 33 36
Tomato 182 255 35 44
Tomato 156 199 47 43
Tomato 187 197 47 50
Tomato 164 164 47 50
Tomato 166 126 39 36
Tomato 208 125 59 68
Tomato 164 21 37 35
Tomato 188 49 33 37
Tomato 206 28 37 38
Tomato 175 0 52 30
Tomato 187 4 41 41
Tomato 364 189 21 24
Tomato 368 176 22 24
Tomato 379 170 25 26
Tomato 351 419 23 30
Tomato 366 419 25 29
Tomato 375 402 22 29
Tomato 544 158 28 29
Tomato 559 161 26 30
Tomato 682 387 35 41
Tomato 559 578 40 51
Tomato 688 486 29 30
Tomato 420 65 26 30
Tomato 407 58 22 25
Tomato 434 71 19 22
Tomato 513 432 20 25
