Tomato 21 553 38 43
Tomato 325 603 23 28
Tomato 307 573 35 45
Tomato 162 546 40 43
Tomato 177 524 36 54
Tomato 82 356 38 41
Tomato 92 377 43 43
Tomato 315 345 41 44
Tomato 329 368 42 51
Tomato 349 391 38 42
Tomato 382 398 26 29
Tomato 372 417 23 29
Tomato 328 196 35 41
Tomato 344 209 34 43
Tomato 361 229 28 34
Tomato 284 512 44 49
Tomato 300 544 37 42
Tomato 331 587 24 31
Tomato 83 13 74 77
Tomato 123 29 65 67
Tomato 138 72 58 62
Tomato 174 102 57 67
Tomato 322 57 26 33
Tomato 573 180 37 45
Tomato 610 169 40 43
Tomato 595 217 34 36
Tomato 573 76 47 49
Tomato 573 123 49 50
Tomato 354 70 22 30
Tomato 426 354 18 20
Tomato 407 365 18 18
Tomato 137 469 52 58
