Tomato 675 149 26 29
Tomato 243 412 39 39
Tomato 339 105 30 30
Tomato 298 103 30 34
Tomato 704 593 16 23
Tomato 691 574 24 30
Tomato 550 327 15 18
Tomato 539 332 17 19
Tomato 686 422 34 38
Tomato 276 575 48 56
Tomato 378 669 28 28
Tomato 301 654 54 58
Tomato 206 669 65 51
Tomato 188 400 51 59
Tomato 670 405 40 38
Tomato 688 391 32 30
Tomato 493 351 40 42
Tomato 482 331 39 45
Tomato 457 195 35 37
Tomato 398 100 22 26
Tomato 219 86 66 57
Tomato 186 134 53 50
Tomato 191 93 51 54
Tomato 228 66 60 60
Tomato 176 25 74 79
Tomato 235 109 65 54
Tomato 261 136 57 61
Tomato 282 174 56 64
Tomato 283 380 42 51
Tomato 286 405 29 34
Tomato 263 455 37 47
