Tomato 366 320 26 26
Tomato 183 519 38 43
Tomato 193 541 34 43
Tomato 487 153 36 34
Tomato 483 112 45 52
Tomato 494 91 46 54
Tomato 522 92 37 41
Tomato 536 77 36 38
Tomato 514 56 45 45
Tomato 365 393 43 45
Tomato 648 273 64 67
Tomato 655 319 60 69
Tomato 584 668 38 38
Tomato 156 402 30 31
Tomato 173 428 28 29
Tomato 200 461 28 32
Tomato 82 413 23 19
Tomato 149 234 24 26
Tomato 179 271 23 26
Tomato 193 268 22 23
Tomato 170 242 19 24
Tomato 177 253 25 27
Tomato 64 544 25 28
Tomato 394 574 31 38
Tomato 588 398 33 33
Tomato 232 674 27 29
Tomato 164 119 22 24
Tomato 172 130 21 25
Tomato 366 295 28 30
Tomato 198 432 24 27
