Tomato 325 309 24 29
Tomato 316 320 19 27
Tomato 193 683 33 32
Tomato 301 108 21 26
Tomato 303 243 27 34
Tomato 280 654 32 32
Tomato 263 673 32 34
Tomato 515 269 24 27
Tomato 500 252 32 39
Tomato 478 242 29 37
Tomato 368 595 29 31
Tomato 526 685 43 35
Tomato 515 617 34 33
Tomato 307 659 35 39
Tomato 250 430 40 42
Tomato 266 492 33 35
Tomato 265 519 32 42
Tomato 501 420 46 44
Tomato 284 94 32 30
Tomato 262 87 29 36
Tomato 123 664 57 56
Tomato 165 603 74 91
Tomato 103 571 65 91
Tomato 119 239 63 77
Tomato 96 207 58 60
