Tomato 327 540 27 29
Tomato 363 75 24 24
Tomato 126 638 29 33
Tomato 125 609 24 32
Tomato 225 600 21 20
Tomato 104 627 33 32
Tomato 174 512 35 34
Tomato 497 210 23 35
Tomato 462 221 25 23
Tomato 488 213 20 30
Tomato 479 226 20 26
Tomato 469 235 20 21
Tomato 112 140 21 27
Tomato 111 122 23 24
Tomato 94 129 21 20
Tomato 91 137 15 24
Tomato 300 347 38 43
Tomato 279 362 40 47
Tomato 237 438 23 22
Tomato 238 453 19 18
Tomato 0 418 28 34
Tomato 322 427 37 38
Tomato 471 383 38 44
Tomato 597 479 25 22
Tomato 607 468 23 21
Tomato 618 459 25 23
Tomato 219 616 20 20
Tomato 332 495 38 40
Tomato 316 566 19 19
Tomato 459 419 24 24
Tomato 607 361 23 21
Tomato 607 298 14 14
