Tomato 188 458 68 79
Tomato 489 285 96 114
Tomato 466 404 70 70
Tomato 496 385 65 72
Tomato 399 338 74 92
Tomato 327 453 34 38
Tomato 692 105 24 25
Tomato 588 176 40 37
Tomato 426 0 51 47
Tomato 460 2 43 44
Tomato 452 26 54 66
Tomato 612 302 40 43
Tomato 668 448 35 34
Tomato 663 429 36 37
Tomato 645 457 29 28
Tomato 645 432 29 32
Tomato 652 566 42 44
Tomato 668 588 38 40
Tomato 689 594 31 50
Tomato 359 468 32 32
Tomato 380 601 97 90
Tomato 79 229 73 90
Tomato 3 250 71 96
Tomato 0 313 36 73
Tomato 0 385 37 76
