Tomato 165 240 21 23
Tomato 143 304 82 73
Tomato 127 343 67 84
Tomato 167 382 46 61
Tomato 186 355 58 61
Tomato 391 219 54 54
Tomato 369 152 68 77
Tomato 394 90 60 75
Tomato 433 89 60 66
Tomato 409 137 65 70
Tomato 347 193 53 58
Tomato 128 49 49 73
Tomato 142 49 60 75
Tomato 193 98 61 60
Tomato 206 134 43 50
Tomato 199 182 30 29
Tomato 189 211 24 24
Tomato 9 101 38 44
Tomato 0 77 34 44
Tomato 194 523 50 53
Tomato 653 184 25 31
Tomato 670 179 28 27
Tomato 696 461 24 40
Tomato 693 429 27 41
Tomato 641 269 35 34
Tomato 676 295 31 34
Tomato 687 604 29 33
Tomato 655 286 37 39
