Tomato 116 257 43 47
Tomato 310 310 26 25
Tomato 306 288 30 31
Tomato 410 354 23 25
Tomato 396 350 23 23
Tomato 602 369 51 51
Tomato 535 303 57 59
Tomato 547 250 62 59
Tomato 587 349 48 53
Tomato 324 448 35 35
Tomato 326 495 22 30
Tomato 234 406 51 78
Tomato 126 183 60 65
Tomato 456 211 23 33
Tomato 444 214 21 26
Tomato 424 208 24 26
Tomato 175 180 55 70
Tomato 148 203 56 70
Tomato 109 225 44 46
Tomato 134 248 47 50
Tomato 307 326 21 22
Tomato 538 136 49 46
Tomato 373 515 25 24
Tomato 304 610 41 42
Tomato 305 640 33 37
Tomato 285 629 36 40
