Tomato 523 560 100 105
Tomato 232 175 30 34
Tomato 282 339 29 33
Tomato 661 334 15 17
Tomato 656 325 15 17
Tomato 261 171 24 32
Tomato 271 160 30 36
Tomato 445 518 23 25
Tomato 243 144 22 25
Tomato 82 4 33 34
Tomato 596 541 96 107
Tomato 471 663 55 57
Tomato 532 649 66 64
Tomato 646 96 74 65
Tomato 627 132 72 70
Tomato 631 178 54 52
Tomato 585 122 59 46
Tomato 264 295 41 36
Tomato 249 321 43 43
Tomato 215 351 41 40
Tomato 225 329 34 32
Tomato 256 358 35 38
Tomato 296 394 29 30
Tomato 277 379 31 38
Tomato 259 20 44 36
