Tomato 588 88 81 93
Tomato 567 564 108 130
Tomato 647 525 73 139
Tomato 625 613 95 107
Tomato 213 582 25 30
Tomato 0 159 124 150
Tomato 0 247 107 147
Tomato 64 238 126 128
Tomato 200 85 25 30
Tomato 392 666 50 49
Tomato 571 661 87 59
Tomato 589 277 68 92
Tomato 664 116 56 83
Tomato 655 33 65 113
Tomato 500 194 83 84
Tomato 457 161 86 95
Tomato 497 102 83 82
Tomato 578 56 84 73
Tomato 593 154 74 75
Tomato 539 139 73 87
Tomato 233 483 25 28
Tomato 356 88 31 29
Tomato 337 151 27 29
Tomato 316 177 23 27
