Tomato 90 205 37 40
Tomato 67 202 40 49
Tomato 68 172 40 42
Tomato 85 141 44 48
Tomato 194 399 59 57
Tomato 235 403 59 70
Tomato 283 388 69 90
Tomato 301 350 75 88
Tomato 345 427 68 87
Tomato 349 308 67 74
Tomato 443 473 56 59
Tomato 383 439 58 87
Tomato 402 392 65 73
Tomato 406 313 71 98
Tomato 442 385 55 89
Tomato 269 619 97 101
Tomato 338 676 73 44
Tomato 538 597 35 40
Tomato 558 579 34 38
Tomato 577 590 31 40
Tomato 412 6 44 63
Tomato 446 3 56 66
Tomato 450 69 64 66
Tomato 486 108 53 58
Tomato 597 557 28 39
Tomato 555 539 42 47
