Tomato 238 0 65 56
Tomato 320 0 59 61
Tomato 244 237 105 88
Tomato 321 79 44 44
Tomato 215 630 118 90
Tomato 456 579 53 62
Tomato 478 609 55 57
Tomato 584 587 43 50
Tomato 596 476 37 43
Tomato 510 403 38 46
Tomato 637 467 57 74
Tomato 633 405 61 77
Tomato 625 355 67 72
Tomato 668 352 52 83
Tomato 440 401 37 32
Tomato 446 349 42 46
Tomato 514 238 31 32
Tomato 500 203 30 34
Tomato 651 106 52 45
Tomato 656 147 47 41
Tomato 338 473 50 64
Tomato 315 452 56 72
Tomato 281 395 68 68
Tomato 280 351 74 71
Tomato 311 394 54 89
Tomato 305 311 66 71
Tomato 532 231 26 25
