Tomato 300 658 26 30
Tomato 314 655 31 35
Tomato 330 672 27 29
Tomato 338 648 33 35
Tomato 359 650 31 31
Tomato 289 390 25 30
Tomato 301 377 31 30
Tomato 117 25 24 27
Tomato 129 27 25 30
Tomato 121 5 24 27
Tomato 128 10 27 26
Tomato 547 53 19 22
Tomato 556 45 17 23
Tomato 566 48 20 24
Tomato 80 62 36 37
Tomato 455 461 44 52
Tomato 501 447 63 78
Tomato 474 478 43 50
Tomato 606 263 48 52
Tomato 625 217 44 54
Tomato 645 199 53 63
Tomato 588 197 65 70
Tomato 585 162 69 62
Tomato 637 482 58 63
Tomato 655 515 39 54
Tomato 320 385 24 29
Tomato 315 342 26 26
Tomato 327 353 31 29
Tomato 394 262 23 24
Tomato 396 242 26 28
Tomato 401 136 16 20
Tomato 406 123 20 23
Tomato 419 126 20 23
Tomato 193 548 21 23
Tomato 291 560 22 25
Tomato 301 554 25 32
Tomato 203 557 17 22
Tomato 66 243 36 34
Tomato 58 182 41 49
Tomato 73 261 34 34
Tomato 60 76 36 39
Tomato 178 18 23 25
