Tomato 452 419 102 111
Tomato 281 194 29 26
Tomato 413 229 36 37
Tomato 477 207 56 56
Tomato 449 157 60 68
Tomato 424 174 78 80
Tomato 412 251 60 59
Tomato 304 203 26 32
Tomato 287 210 27 31
Tomato 304 183 28 28
Tomato 378 163 50 48
Tomato 128 345 78 87
Tomato 119 394 65 63
Tomato 88 465 86 95
Tomato 69 547 87 99
Tomato 150 619 39 46
Tomato 698 440 17 22
Tomato 682 474 30 30
Tomato 669 509 30 31
Tomato 636 440 47 50
Tomato 686 494 29 41
Tomato 690 332 24 34
Tomato 679 321 26 33
Tomato 541 412 47 52
Tomato 343 541 78 96
Tomato 633 586 46 52
Tomato 176 635 37 49
Tomato 105 95 60 76
Tomato 285 172 29 38
