Tomato 635 100 24 31
Tomato 19 37 36 35
Tomato 647 610 33 29
Tomato 244 659 26 31
Tomato 224 521 25 30
Tomato 577 540 47 45
Tomato 625 603 27 32
Tomato 611 591 32 37
Tomato 602 566 38 38
Tomato 636 616 26 30
Tomato 415 62 26 26
Tomato 402 56 28 28
Tomato 398 41 26 27
Tomato 378 35 30 29
Tomato 566 343 27 27
Tomato 612 328 27 47
Tomato 602 333 23 45
Tomato 594 339 21 30
Tomato 580 350 27 30
Tomato 567 364 23 28
Tomato 557 382 17 18
Tomato 533 352 21 24
Tomato 628 557 37 36
Tomato 638 580 31 34
Tomato 131 547 38 43
Tomato 634 217 26 30
Tomato 412 174 29 32
Tomato 401 154 35 35
Tomato 394 141 28 40
Tomato 312 260 40 37
Tomato 337 260 40 41
Tomato 413 77 20 22
