Tomato 429 67 89 94
Tomato 479 123 73 75
Tomato 429 129 70 79
Tomato 478 169 60 79
Tomato 448 178 53 62
Tomato 421 209 50 54
Tomato 234 367 35 35
Tomato 106 50 37 34
Tomato 502 63 67 79
Tomato 102 14 39 45
Tomato 76 48 42 45
Tomato 101 78 34 37
Tomato 22 575 52 54
Tomato 41 584 54 58
Tomato 27 623 52 59
Tomato 55 235 61 62
Tomato 38 266 43 48
Tomato 415 423 70 79
Tomato 491 463 88 106
Tomato 472 428 59 72
Tomato 542 413 52 59
Tomato 505 392 78 95
Tomato 411 352 97 100
Tomato 395 288 97 104
Tomato 500 312 74 88
Tomato 227 400 38 33
Tomato 128 0 42 43
