Tomato 467 564 32 33
Tomato 494 573 36 40
Tomato 505 536 63 72
Tomato 542 516 62 85
Tomato 589 511 55 88
Tomato 644 597 35 41
Tomato 665 608 37 46
Tomato 667 646 27 31
Tomato 683 631 28 33
Tomato 668 531 34 38
Tomato 643 511 35 37
Tomato 542 337 34 31
Tomato 443 223 46 47
Tomato 468 227 53 56
Tomato 491 214 60 75
Tomato 530 150 61 69
Tomato 572 129 37 49
Tomato 572 170 36 46
Tomato 590 168 36 42
Tomato 477 0 45 28
Tomato 692 186 19 21
Tomato 699 181 20 21
Tomato 688 200 22 18
Tomato 0 591 14 26
Tomato 0 560 21 26
Tomato 0 602 22 27
Tomato 182 175 50 59
Tomato 218 178 39 48
Tomato 234 150 42 44
Tomato 177 135 37 41
Tomato 222 75 50 46
Tomato 183 93 47 52
Tomato 129 595 50 69
Tomato 7 379 19 19
Tomato 19 370 19 19
Tomato 124 351 18 18
Tomato 0 15 14 22
Tomato 0 31 15 17
