Tomato 626 684 32 31
Tomato 625 500 23 25
Tomato 606 584 24 35
Tomato 581 628 24 26
Tomato 612 634 20 22
Tomato 633 583 25 30
Tomato 126 205 44 39
Tomato 133 248 38 38
Tomato 108 245 41 40
Tomato 68 205 50 51
Tomato 618 689 24 25
Tomato 621 595 24 28
Tomato 328 571 60 68
Tomato 288 540 67 75
Tomato 341 502 74 86
Tomato 344 452 61 77
Tomato 409 0 58 40
Tomato 416 21 45 53
Tomato 368 111 76 69
Tomato 396 307 57 59
Tomato 366 284 59 61
Tomato 341 250 71 66
Tomato 254 250 55 62
Tomato 293 241 61 68
Tomato 387 241 61 71
Tomato 282 165 58 64
Tomato 313 216 54 69
Tomato 355 216 59 53
Tomato 327 187 61 60
Tomato 376 185 65 61
Tomato 314 146 80 73
Tomato 7 327 43 49
Tomato 0 268 48 53
Tomato 0 199 64 84
Tomato 20 302 52 48
Tomato 60 305 51 53
Tomato 30 260 53 57
Tomato 619 479 22 21
Tomato 156 621 46 57
Tomato 628 436 26 29
