Tomato 131 44 17 24
Tomato 117 45 24 22
Tomato 119 26 26 28
Tomato 95 21 24 29
Tomato 342 103 21 34
Tomato 355 319 27 30
Tomato 355 97 24 32
Tomato 126 128 37 46
Tomato 141 142 33 32
Tomato 150 165 29 31
Tomato 361 237 24 30
Tomato 666 229 28 30
Tomato 661 245 25 30
Tomato 645 222 27 29
Tomato 637 242 27 25
Tomato 373 580 36 42
Tomato 357 556 40 45
Tomato 12 569 36 40
Tomato 332 528 54 56
Tomato 492 374 17 19
Tomato 508 373 16 19
Tomato 495 382 19 17
Tomato 512 389 17 16
Tomato 507 400 16 15
Tomato 323 336 29 30
Tomato 329 359 28 29
Tomato 343 343 28 29
Tomato 352 211 34 32
Tomato 624 407 27 33
Tomato 650 408 25 29
Tomato 617 388 31 32
Tomato 629 374 33 36
Tomato 639 356 35 40
Tomato 517 549 28 33
Tomato 531 576 28 29
Tomato 394 595 29 33
Tomato 635 421 29 29
