Tomato 22 575 98 103
Tomato 432 639 127 81
Tomato 514 651 109 69
Tomato 586 616 91 104
Tomato 239 645 40 43
Tomato 283 507 35 44
Tomato 354 500 27 31
Tomato 528 275 34 33
Tomato 0 361 44 68
Tomato 16 363 58 70
Tomato 22 294 78 91
Tomato 73 257 71 102
Tomato 120 173 35 34
Tomato 216 339 28 24
Tomato 231 327 24 26
Tomato 246 321 24 28
Tomato 333 235 26 28
Tomato 173 0 56 58
Tomato 199 0 57 50
Tomato 350 124 24 22
Tomato 477 174 63 80
Tomato 519 152 86 110
Tomato 523 207 73 88
Tomato 546 277 40 46
