Tomato 684 280 33 31
Tomato 151 489 21 22
Tomato 129 462 18 19
Tomato 476 407 14 17
Tomato 176 487 21 20
Tomato 312 391 33 35
Tomato 599 545 18 22
Tomato 594 564 17 24
Tomato 582 561 16 23
Tomato 567 566 17 21
Tomato 569 553 18 19
Tomato 568 537 22 19
Tomato 586 529 22 31
Tomato 571 514 22 26
Tomato 563 429 22 22
Tomato 560 407 24 27
Tomato 382 331 22 22
Tomato 397 310 21 23
Tomato 385 306 19 26
Tomato 695 241 25 31
Tomato 68 408 26 29
Tomato 355 276 28 27
Tomato 205 69 52 55
Tomato 185 86 51 57
Tomato 158 52 57 60
Tomato 143 15 63 67
Tomato 111 0 69 50
Tomato 81 13 57 65
Tomato 44 27 58 57
Tomato 564 444 23 23
Tomato 190 496 14 13
Tomato 189 510 13 15
Tomato 582 302 15 15
Tomato 371 82 26 29
Tomato 359 93 24 26
Tomato 347 96 20 22
Tomato 393 73 23 21
Tomato 50 299 26 27
Tomato 269 631 41 46
Tomato 118 571 22 23
Tomato 133 566 24 23
Tomato 530 649 25 26
Tomato 551 647 20 30
Tomato 232 403 15 17
Tomato 484 415 17 18
Tomato 467 406 12 15
