Tomato 607 336 33 39
Tomato 617 374 27 27
Tomato 615 360 25 29
Tomato 676 337 44 43
Tomato 671 358 37 36
Tomato 469 433 27 27
Tomato 609 502 41 42
Tomato 377 112 82 90
Tomato 308 76 83 96
Tomato 375 79 79 91
Tomato 21 163 20 24
Tomato 13 149 22 22
Tomato 598 179 29 36
Tomato 603 214 27 30
Tomato 618 221 23 29
Tomato 581 480 30 36
Tomato 688 234 32 69
Tomato 613 310 32 32
Tomato 636 302 31 36
Tomato 509 329 24 27
Tomato 0 660 27 53
Tomato 4 671 36 48
Tomato 2 638 40 43
Tomato 0 504 16 32
Tomato 7 507 27 30
Tomato 0 474 29 36
Tomato 22 489 29 43
Tomato 164 467 26 23
Tomato 270 407 75 105
Tomato 255 457 67 73
Tomato 99 325 30 33
Tomato 118 332 24 30
Tomato 388 170 64 79
Tomato 319 130 66 74
Tomato 178 186 21 32
Tomato 133 167 25 25
Tomato 160 174 26 31
Tomato 147 169 25 27
Tomato 138 327 36 40
Tomato 339 179 70 75
Tomato 182 81 22 26
Tomato 169 71 24 24
Tomato 157 483 22 23
Tomato 145 474 22 25
