Tomato 412 31 40 39
Tomato 272 41 22 20
Tomato 53 248 20 20
Tomato 53 234 23 20
Tomato 419 242 29 33
Tomato 617 264 36 36
Tomato 222 500 43 41
Tomato 239 221 29 35
Tomato 224 229 25 25
Tomato 219 241 22 23
Tomato 223 254 22 24
Tomato 436 236 69 64
Tomato 556 419 49 53
Tomato 520 401 60 57
Tomato 468 297 73 74
Tomato 511 281 69 73
Tomato 546 378 49 54
Tomato 527 335 61 62
Tomato 477 356 72 84
Tomato 388 655 77 65
Tomato 382 73 30 35
Tomato 280 52 17 20
Tomato 285 42 17 17
Tomato 663 516 29 33
Tomato 667 546 26 30
