Tomato 82 409 31 37
Tomato 10 0 31 29
Tomato 516 661 60 59
Tomato 552 675 57 45
Tomato 62 666 31 27
Tomato 108 659 33 32
Tomato 92 644 30 33
Tomato 64 563 33 29
Tomato 105 611 33 28
Tomato 46 626 27 28
Tomato 319 489 31 38
Tomato 76 636 24 24
Tomato 91 627 23 21
Tomato 57 417 29 35
Tomato 61 446 42 33
Tomato 51 460 35 36
Tomato 68 300 27 24
Tomato 70 318 30 31
Tomato 98 320 31 30
Tomato 91 332 15 17
Tomato 100 265 31 33
Tomato 175 463 29 38
Tomato 178 414 33 35
Tomato 196 451 34 38
Tomato 214 406 33 43
Tomato 409 352 31 31
Tomato 621 632 26 28
Tomato 570 97 47 50
Tomato 612 127 38 46
Tomato 510 242 48 66
Tomato 543 234 50 56
Tomato 579 240 47 55
Tomato 306 514 32 36
Tomato 293 509 34 30
Tomato 639 153 25 27
Tomato 619 169 28 32
Tomato 225 266 21 22
Tomato 225 308 21 25
Tomato 210 309 23 23
Tomato 206 295 25 23
Tomato 202 282 23 20
Tomato 267 144 27 32
Tomato 696 613 24 30
Tomato 583 140 27 37
Tomato 627 654 24 23
Tomato 31 613 25 27
Tomato 698 639 22 31
Tomato 363 276 28 35
Tomato 346 289 30 37
Tomato 382 263 29 33
