Tomato 397 49 445 92
Tomato 478 0 523 48
Tomato 414 0 476 63
Tomato 259 508 294 550
Tomato 351 332 400 389
Tomato 76 389 139 453
Tomato 364 673 421 720
Tomato 76 655 151 716
Tomato 324 677 387 720
Tomato 410 628 480 700
Tomato 340 583 400 647
Tomato 361 612 427 680
Tomato 1048 426 1107 511
Tomato 910 287 1005 417
Tomato 964 350 1051 460
Tomato 1015 322 1080 402
Tomato 1091 416 1137 477
Tomato 1052 390 1111 461
Tomato 940 182 1001 263
Tomato 905 74 978 164
Tomato 914 126 994 209
Tomato 377 227 447 296
Tomato 358 265 413 317
Tomato 69 449 120 499
Tomato 385 11 445 64
