Tomato 438 111 474 152
Tomato 377 143 421 193
Tomato 386 177 429 225
Tomato 427 149 467 196
Tomato 415 180 459 224
Tomato 0 602 54 660
Tomato 0 557 45 616
Tomato 0 498 43 555
Tomato 3 284 43 336
Tomato 16 271 63 324
Tomato 798 0 863 56
Tomato 880 0 939 61
Tomato 804 237 909 325
Tomato 881 79 925 123
Tomato 775 630 893 720
Tomato 1016 579 1069 641
Tomato 1038 609 1093 666
Tomato 1144 587 1187 637
Tomato 1156 476 1193 519
Tomato 1070 403 1108 449
Tomato 1197 467 1254 541
Tomato 1193 405 1254 482
Tomato 1185 355 1252 427
Tomato 1228 352 1280 435
Tomato 1000 401 1037 433
Tomato 1006 349 1048 395
Tomato 1074 238 1105 270
Tomato 1060 203 1090 237
Tomato 1211 106 1263 151
Tomato 1216 147 1263 188
Tomato 898 473 948 537
Tomato 875 452 931 524
Tomato 841 395 909 463
Tomato 840 351 914 422
Tomato 871 394 925 483
Tomato 865 311 931 382
Tomato 1092 231 1118 256
