Tomato 165 240 186 263
Tomato 143 304 225 377
Tomato 127 343 194 427
Tomato 167 382 213 443
Tomato 186 355 244 416
Tomato 391 219 445 273
Tomato 369 152 437 229
Tomato 394 90 454 165
Tomato 433 89 493 155
Tomato 409 137 474 207
Tomato 347 193 400 251
Tomato 128 49 177 122
Tomato 142 49 202 124
Tomato 193 98 254 158
Tomato 206 134 249 184
Tomato 199 182 229 211
Tomato 189 211 213 235
Tomato 9 101 47 145
Tomato 0 77 34 121
Tomato 194 523 244 576
Tomato 653 184 678 215
Tomato 670 179 698 206
Tomato 696 461 734 501
Tomato 693 429 733 470
Tomato 738 509 765 534
Tomato 762 267 782 287
Tomato 641 269 676 303
Tomato 676 295 707 329
Tomato 687 604 716 637
Tomato 709 624 745 664
Tomato 1046 502 1089 552
Tomato 1024 480 1064 523
Tomato 1000 453 1060 515
Tomato 655 286 692 325
Tomato 1156 664 1190 701
Tomato 1157 415 1185 446
Tomato 1171 285 1198 311
Tomato 1209 289 1233 319
Tomato 762 449 784 473
Tomato 757 467 778 487
