Tomato 1 73 58 138
Tomato 24 134 66 181
Tomato 925 581 976 638
Tomato 475 621 498 645
Tomato 307 580 337 619
Tomato 577 508 603 541
Tomato 494 454 518 479
Tomato 1218 27 1253 63
Tomato 464 597 492 624
Tomato 1184 33 1226 73
Tomato 858 241 930 319
Tomato 869 310 937 381
Tomato 822 283 885 348
Tomato 829 332 894 397
Tomato 334 471 400 555
Tomato 500 371 526 397
Tomato 486 373 510 396
Tomato 611 289 655 331
Tomato 799 462 905 549
Tomato 863 553 925 612
Tomato 935 630 1020 720
Tomato 559 150 596 184
Tomato 536 157 568 193
Tomato 526 169 551 200
Tomato 523 192 549 219
Tomato 283 566 321 606
Tomato 269 468 340 560
Tomato 307 142 375 226
Tomato 122 58 145 85
Tomato 96 60 126 97
Tomato 73 61 109 98
Tomato 46 63 78 98
