Tomato 36 199 69 234
Tomato 238 208 269 247
Tomato 72 0 100 36
Tomato 28 0 58 26
Tomato 23 26 52 56
Tomato 3 191 40 237
Tomato 167 407 208 447
Tomato 165 670 215 719
Tomato 413 546 458 597
Tomato 442 543 482 585
Tomato 995 561 1048 622
Tomato 1016 585 1070 636
Tomato 1043 548 1105 611
Tomato 1056 504 1113 562
Tomato 176 427 216 466
Tomato 211 425 252 469
Tomato 216 383 254 426
Tomato 216 189 258 225
Tomato 31 47 57 73
Tomato 43 14 72 46
Tomato 60 5 89 37
Tomato 735 294 783 336
Tomato 780 118 810 146
Tomato 806 89 841 126
Tomato 748 59 799 106
Tomato 815 42 851 74
Tomato 818 66 848 101
Tomato 769 46 805 85
Tomato 787 61 819 94
Tomato 1084 204 1144 256
Tomato 631 547 709 630
Tomato 1142 7 1200 66
