Tomato 840 282 934 394
Tomato 36 269 61 305
Tomato 15 409 49 447
Tomato 484 282 543 336
Tomato 554 309 611 355
Tomato 571 242 624 300
Tomato 873 465 945 549
Tomato 822 468 922 588
Tomato 788 407 882 528
Tomato 867 383 968 515
Tomato 820 358 911 453
Tomato 1235 30 1279 72
Tomato 1243 0 1280 44
Tomato 1070 184 1104 216
Tomato 1082 166 1118 196
Tomato 894 0 955 60
Tomato 869 0 927 67
Tomato 843 32 904 97
Tomato 885 321 989 444
Tomato 836 59 888 117
Tomato 792 19 846 68
Tomato 790 54 843 105
Tomato 620 610 684 686
Tomato 123 448 157 485
Tomato 206 84 229 107
Tomato 195 83 215 112
Tomato 567 583 633 651
Tomato 539 631 620 720
Tomato 603 642 662 715
Tomato 1136 188 1159 213
Tomato 1226 356 1252 382
Tomato 1081 484 1116 520
Tomato 1100 516 1130 546
Tomato 1058 340 1085 366
Tomato 685 536 711 562
Tomato 1066 357 1091 381
Tomato 1082 667 1127 712
