Tomato 749 250 831 360
Tomato 75 437 111 473
Tomato 141 416 166 456
Tomato 155 411 185 452
Tomato 126 394 162 434
Tomato 151 391 177 418
Tomato 152 313 180 340
Tomato 68 606 140 678
Tomato 122 299 148 322
Tomato 110 305 136 330
Tomato 120 383 151 412
Tomato 533 439 618 554
Tomato 575 418 657 516
Tomato 670 505 741 571
Tomato 774 303 874 410
Tomato 831 276 930 400
Tomato 843 198 969 362
Tomato 878 628 991 720
Tomato 775 651 865 720
Tomato 1203 311 1226 333
Tomato 1210 276 1229 299
Tomato 16 0 79 59
Tomato 94 665 147 720
Tomato 478 106 577 213
Tomato 169 328 195 354
Tomato 609 263 667 319
