Tomato 518 264 574 336
Tomato 861 10 881 32
Tomato 876 9 899 33
Tomato 690 638 714 659
Tomato 672 660 690 682
Tomato 684 654 710 679
Tomato 737 687 764 716
Tomato 705 606 730 630
Tomato 708 634 725 653
Tomato 659 667 679 686
Tomato 648 663 668 685
Tomato 701 451 722 473
Tomato 890 566 961 636
Tomato 922 531 980 605
Tomato 425 512 510 622
Tomato 484 545 556 631
Tomato 500 602 569 691
Tomato 521 667 583 720
Tomato 619 60 659 97
Tomato 582 64 625 114
Tomato 502 0 547 49
Tomato 537 5 580 55
Tomato 567 29 606 71
Tomato 98 252 140 302
Tomato 65 240 107 289
Tomato 0 205 36 257
Tomato 21 196 71 277
Tomato 59 211 115 275
Tomato 106 212 151 272
Tomato 465 246 540 335
Tomato 656 520 694 557
Tomato 20 554 94 644
Tomato 4 611 70 695
Tomato 522 418 557 459
Tomato 545 428 576 465
Tomato 797 563 839 614
Tomato 814 599 853 636
Tomato 828 551 868 600
Tomato 823 636 871 697
Tomato 871 451 932 525
Tomato 856 629 918 702
Tomato 823 144 844 166
Tomato 955 193 1006 261
Tomato 903 193 971 276
Tomato 873 213 927 282
Tomato 902 228 950 284
Tomato 581 400 626 447
Tomato 554 342 608 399
Tomato 829 127 852 154
Tomato 808 136 833 161
