Tomato 61 630 113 693
Tomato 68 592 132 656
Tomato 91 552 153 616
Tomato 124 322 179 384
Tomato 79 221 144 294
Tomato 0 110 25 154
Tomato 13 87 51 134
Tomato 54 169 75 192
Tomato 625 224 673 276
Tomato 656 208 734 298
Tomato 696 144 774 225
Tomato 747 118 800 185
Tomato 768 166 799 214
Tomato 777 162 813 206
Tomato 776 622 822 668
Tomato 796 638 844 685
Tomato 810 551 855 597
Tomato 765 528 806 570
Tomato 708 528 773 605
Tomato 653 528 722 612
Tomato 641 554 686 621
Tomato 621 587 655 625
Tomato 938 694 971 720
Tomato 961 692 991 720
Tomato 979 678 1013 711
Tomato 1081 667 1110 699
Tomato 1098 652 1131 687
Tomato 1105 675 1135 710
Tomato 921 400 950 431
Tomato 925 386 955 422
Tomato 926 344 956 373
Tomato 938 358 967 391
Tomato 1104 375 1174 464
Tomato 1155 362 1218 460
Tomato 1113 345 1164 400
Tomato 1064 268 1098 301
Tomato 1086 265 1120 298
Tomato 1075 205 1118 249
Tomato 1106 207 1143 248
Tomato 1088 174 1135 222
Tomato 1091 141 1133 179
Tomato 1121 140 1182 207
Tomato 969 120 993 145
Tomato 983 130 1003 152
Tomato 986 119 1008 143
Tomato 1077 70 1103 99
Tomato 1095 51 1122 82
Tomato 1058 42 1093 74
Tomato 1123 3 1160 37
Tomato 1103 0 1137 35
Tomato 1083 0 1128 50
Tomato 1077 24 1113 60
Tomato 948 263 968 283
Tomato 947 241 975 268
Tomato 958 227 984 254
Tomato 859 247 874 266
Tomato 547 528 576 557
Tomato 172 153 197 177
Tomato 193 160 219 189
Tomato 531 536 553 560
Tomato 543 450 563 471
Tomato 552 442 573 464
Tomato 565 358 585 375
Tomato 381 186 427 252
Tomato 414 188 456 239
Tomato 431 159 474 206
Tomato 368 148 415 195
Tomato 428 87 476 145
Tomato 358 202 375 220
Tomato 49 82 104 144
