Tomato 300 658 326 688
Tomato 314 655 345 690
Tomato 330 672 357 701
Tomato 338 648 371 683
Tomato 359 650 390 681
Tomato 289 390 314 420
Tomato 301 377 332 407
Tomato 966 510 1000 540
Tomato 1024 435 1093 508
Tomato 1023 504 1073 560
Tomato 987 265 1013 296
Tomato 1002 288 1026 312
Tomato 971 265 995 288
Tomato 984 166 1008 193
Tomato 998 173 1017 195
Tomato 977 158 999 178
Tomato 986 45 1003 63
Tomato 1083 66 1114 103
Tomato 1084 24 1123 64
Tomato 1078 43 1115 78
Tomato 1012 302 1028 321
Tomato 864 484 882 505
Tomato 1124 249 1164 298
Tomato 1078 235 1124 286
Tomato 1177 289 1215 330
Tomato 1129 285 1162 318
Tomato 1150 250 1210 316
Tomato 1072 278 1119 332
Tomato 1156 308 1188 342
Tomato 1110 257 1150 308
Tomato 874 579 895 602
Tomato 117 25 141 52
Tomato 129 27 154 57
Tomato 121 5 145 32
Tomato 128 10 155 36
Tomato 547 53 566 75
Tomato 556 45 573 68
Tomato 566 48 586 72
Tomato 80 62 116 99
Tomato 455 461 499 513
Tomato 501 447 564 525
Tomato 474 478 517 528
Tomato 606 263 654 315
Tomato 625 217 669 271
Tomato 645 199 698 262
Tomato 588 197 653 267
Tomato 585 162 654 224
Tomato 637 482 695 545
Tomato 655 515 694 569
Tomato 782 609 806 637
Tomato 774 623 797 648
Tomato 720 607 750 638
Tomato 930 376 972 419
Tomato 926 494 958 528
Tomato 320 385 344 414
Tomato 315 342 341 368
Tomato 327 353 358 382
Tomato 394 262 417 286
Tomato 396 242 422 270
Tomato 401 136 417 156
Tomato 406 123 426 146
Tomato 419 126 439 149
Tomato 193 548 214 571
Tomato 291 560 313 585
Tomato 301 554 326 586
Tomato 203 557 220 579
Tomato 66 243 102 277
Tomato 58 182 99 231
Tomato 73 261 107 295
Tomato 60 76 96 115
Tomato 178 18 201 43
