Tomato 645 68 696 124
Tomato 1045 213 1076 242
Tomato 493 104 519 126
Tomato 1179 506 1209 536
Tomato 1082 357 1106 380
Tomato 41 127 69 150
Tomato 1221 486 1280 589
Tomato 1086 577 1110 606
Tomato 1187 409 1280 518
Tomato 1190 35 1262 105
Tomato 1139 41 1209 125
Tomato 1129 17 1185 55
Tomato 1094 42 1130 84
Tomato 1048 59 1077 89
Tomato 196 266 253 314
Tomato 293 277 332 313
Tomato 677 31 740 77
Tomato 741 112 781 159
Tomato 731 78 778 136
Tomato 666 100 719 162
Tomato 626 94 673 150
Tomato 657 145 690 183
Tomato 604 119 645 161
Tomato 341 417 374 448
Tomato 419 659 438 682
Tomato 402 655 425 681
Tomato 405 639 425 658
Tomato 339 443 368 488
Tomato 426 435 452 470
Tomato 304 388 342 427
Tomato 454 684 486 720
Tomato 654 438 739 529
Tomato 607 462 676 554
Tomato 579 512 620 567
Tomato 569 559 623 614
Tomato 124 18 160 56
Tomato 1053 193 1081 218
Tomato 1070 202 1093 226
Tomato 943 664 980 702
Tomato 900 646 922 666
Tomato 891 645 907 664
Tomato 1032 330 1064 371
