Tomato 884 158 973 259
Tomato 429 67 518 161
Tomato 479 123 552 198
Tomato 429 129 499 208
Tomato 478 169 538 248
Tomato 448 178 501 240
Tomato 421 209 471 263
Tomato 234 367 269 402
Tomato 106 50 143 84
Tomato 502 63 569 142
Tomato 102 14 141 59
Tomato 76 48 118 93
Tomato 101 78 135 115
Tomato 22 575 74 629
Tomato 41 584 95 642
Tomato 27 623 79 682
Tomato 873 559 959 667
Tomato 55 235 116 297
Tomato 38 266 81 314
Tomato 932 203 1008 280
Tomato 972 237 1039 319
Tomato 986 225 1037 271
Tomato 415 423 485 502
Tomato 491 463 579 569
Tomato 472 428 531 500
Tomato 542 413 594 472
Tomato 505 392 583 487
Tomato 411 352 508 452
Tomato 395 288 492 392
Tomato 500 312 574 400
Tomato 227 400 265 433
Tomato 128 0 170 43
