Tomato 96 460 127 497
Tomato 332 322 410 398
Tomato 198 530 306 666
Tomato 256 517 355 655
Tomato 344 52 439 146
Tomato 305 0 391 95
Tomato 386 0 499 119
Tomato 582 367 653 445
Tomato 105 495 144 540
Tomato 62 374 119 432
Tomato 552 62 583 95
Tomato 83 419 140 477
Tomato 528 79 560 111
Tomato 826 201 853 236
Tomato 854 192 881 226
Tomato 834 570 876 620
Tomato 989 626 1026 665
Tomato 824 606 861 640
Tomato 1033 588 1058 614
Tomato 1027 599 1050 626
Tomato 992 401 1024 437
Tomato 1006 392 1042 433
Tomato 1026 384 1067 431
Tomato 1028 218 1051 242
Tomato 1040 231 1063 256
Tomato 1052 224 1075 251
Tomato 1195 638 1221 665
Tomato 1213 642 1238 670
Tomato 639 678 671 708
Tomato 1008 226 1039 256
