Tomato 888 579 916 611
Tomato 22 575 120 678
Tomato 432 639 559 720
Tomato 514 651 623 720
Tomato 586 616 677 720
Tomato 239 645 279 688
Tomato 283 507 318 551
Tomato 354 500 381 531
Tomato 528 275 562 308
Tomato 0 361 44 429
Tomato 16 363 74 433
Tomato 22 294 100 385
Tomato 73 257 144 359
Tomato 120 173 155 207
Tomato 216 339 244 363
Tomato 231 327 255 353
Tomato 246 321 270 349
Tomato 333 235 359 263
Tomato 173 0 229 58
Tomato 199 0 256 50
Tomato 350 124 374 146
Tomato 477 174 540 254
Tomato 519 152 605 262
Tomato 523 207 596 295
Tomato 874 594 899 620
Tomato 907 566 936 600
Tomato 938 540 965 572
Tomato 943 565 969 595
Tomato 962 554 998 587
Tomato 922 492 963 533
Tomato 711 509 730 529
Tomato 719 490 744 519
Tomato 808 284 837 312
Tomato 768 108 794 138
Tomato 798 266 824 307
Tomato 546 277 586 323
Tomato 893 289 939 340
Tomato 1079 247 1146 316
Tomato 888 544 921 581
Tomato 1038 341 1060 364
Tomato 1050 342 1068 361
Tomato 1126 301 1182 371
