Tomato 928 189 956 220
Tomato 1152 332 1212 392
Tomato 1114 207 1178 281
Tomato 1080 175 1151 256
Tomato 1139 256 1194 322
Tomato 1226 279 1280 343
Tomato 1223 234 1269 280
Tomato 1127 61 1151 91
Tomato 1041 166 1135 250
Tomato 1002 205 1091 286
Tomato 1041 383 1084 441
Tomato 1132 617 1216 709
Tomato 1067 599 1133 695
Tomato 1107 61 1132 88
Tomato 1080 95 1109 125
Tomato 660 574 679 599
Tomato 644 479 661 500
Tomato 89 598 115 628
Tomato 105 598 132 626
Tomato 178 434 210 470
Tomato 198 332 231 366
Tomato 188 501 209 526
Tomato 86 6 117 43
Tomato 108 3 136 44
Tomato 69 0 104 24
Tomato 36 0 68 22
Tomato 27 0 60 30
Tomato 468 0 503 26
Tomato 487 0 524 43
Tomato 92 341 120 367
Tomato 182 375 206 399
Tomato 247 157 287 198
Tomato 295 58 315 80
Tomato 395 38 431 75
Tomato 385 128 408 152
Tomato 441 173 486 208
Tomato 1038 258 1098 335
Tomato 825 647 903 716
Tomato 858 432 956 552
Tomato 478 267 525 321
Tomato 569 369 613 414
Tomato 549 482 592 527
Tomato 588 502 625 542
Tomato 552 612 579 641
Tomato 559 598 588 626
Tomato 592 255 613 282
Tomato 606 257 635 287
Tomato 628 279 655 305
Tomato 647 162 669 187
Tomato 634 158 660 183
Tomato 630 147 655 170
Tomato 423 224 472 275
Tomato 452 197 479 226
Tomato 444 230 516 308
Tomato 565 574 585 595
Tomato 574 463 611 497
Tomato 899 363 959 421
