Tomato 1063 666 1116 720
Tomato 327 615 384 676
Tomato 355 649 411 700
Tomato 336 510 393 570
Tomato 372 445 459 543
Tomato 410 232 493 322
Tomato 445 273 504 341
Tomato 460 217 512 280
Tomato 506 250 544 286
Tomato 444 427 469 453
Tomato 123 0 172 37
Tomato 155 0 203 37
Tomato 747 681 786 714
Tomato 785 671 823 708
Tomato 794 642 829 680
Tomato 753 656 789 691
Tomato 1185 200 1257 282
Tomato 765 384 802 421
Tomato 799 441 835 485
Tomato 762 437 799 473
Tomato 768 455 797 490
Tomato 1040 93 1092 148
Tomato 1063 42 1107 84
Tomato 1139 37 1182 85
Tomato 1128 59 1170 101
Tomato 1139 81 1184 123
Tomato 1094 61 1144 114
Tomato 1048 66 1100 118
Tomato 0 565 30 620
Tomato 0 392 41 470
Tomato 0 503 35 580
Tomato 10 521 50 566
Tomato 23 487 84 567
Tomato 37 436 99 510
Tomato 0 453 53 508
Tomato 165 330 208 379
Tomato 136 192 181 243
Tomato 165 166 213 226
Tomato 735 116 760 144
Tomato 748 118 777 145
Tomato 755 133 781 158
Tomato 768 148 791 173
Tomato 545 130 565 148
Tomato 558 133 578 155
Tomato 539 118 566 139
Tomato 574 127 594 151
Tomato 548 0 574 20
Tomato 565 2 585 24
Tomato 574 14 591 38
Tomato 582 18 600 41
Tomato 555 14 573 35
Tomato 534 10 553 30
Tomato 542 597 569 625
Tomato 1024 534 1047 559
Tomato 161 144 200 188
Tomato 245 88 267 112
Tomato 261 81 282 101
Tomato 271 108 293 133
Tomato 258 94 285 118
