Tomato 482 524 513 559
Tomato 634 67 695 118
Tomato 650 3 701 50
Tomato 662 39 715 85
Tomato 761 79 810 135
Tomato 734 37 787 106
Tomato 692 32 750 97
Tomato 765 18 814 85
Tomato 699 5 758 61
Tomato 751 1 804 53
Tomato 1217 102 1236 121
Tomato 1228 107 1248 126
Tomato 734 262 795 361
Tomato 526 359 553 385
Tomato 531 313 562 347
Tomato 517 329 540 356
Tomato 35 135 69 164
Tomato 1076 358 1111 389
Tomato 1041 92 1068 121
Tomato 1038 124 1060 147
Tomato 1055 117 1080 141
Tomato 921 622 941 644
Tomato 932 620 954 646
Tomato 81 199 108 229
Tomato 84 176 121 213
Tomato 73 144 110 190
Tomato 56 162 89 199
Tomato 596 20 623 50
Tomato 352 629 405 686
Tomato 324 575 389 654
Tomato 288 532 360 609
Tomato 331 491 387 557
Tomato 362 570 410 629
Tomato 383 643 414 683
Tomato 149 304 192 350
Tomato 195 293 243 345
Tomato 164 263 214 323
Tomato 201 237 260 298
Tomato 170 199 241 274
Tomato 229 181 298 261
Tomato 204 183 259 248
Tomato 772 333 827 399
Tomato 721 330 783 430
Tomato 530 336 554 361
Tomato 1040 186 1071 221
Tomato 1035 207 1062 239
