Tomato 105 563 225 684
Tomato 184 588 294 704
Tomato 121 658 205 720
Tomato 703 367 722 386
Tomato 80 495 206 629
Tomato 149 436 262 574
Tomato 193 78 290 201
Tomato 882 572 954 647
Tomato 817 564 870 615
Tomato 912 598 984 671
Tomato 735 284 768 315
Tomato 732 305 763 338
Tomato 737 369 763 395
Tomato 722 267 745 290
Tomato 706 327 730 349
Tomato 722 331 743 353
Tomato 719 303 746 327
Tomato 1047 335 1103 393
Tomato 1028 525 1054 553
Tomato 1075 0 1154 91
Tomato 996 0 1078 78
Tomato 968 179 1044 253
Tomato 949 195 1031 302
Tomato 926 217 997 295
Tomato 892 222 965 301
Tomato 892 264 964 337
Tomato 856 289 929 367
Tomato 144 130 231 224
Tomato 104 125 190 202
Tomato 138 365 240 473
Tomato 308 454 338 491
Tomato 293 474 323 507
Tomato 318 468 348 501
Tomato 310 493 342 526
Tomato 316 508 346 541
Tomato 1053 0 1108 71
Tomato 977 0 1040 73
