Tomato 1167 336 1200 375
Tomato 1177 374 1204 401
Tomato 1175 360 1200 389
Tomato 1236 337 1280 380
Tomato 1231 358 1268 394
Tomato 1029 433 1056 460
Tomato 1169 502 1210 544
Tomato 937 112 1019 202
Tomato 868 76 951 172
Tomato 935 79 1014 170
Tomato 581 163 601 187
Tomato 573 149 595 171
Tomato 1158 179 1187 215
Tomato 1163 214 1190 244
Tomato 1178 221 1201 250
Tomato 1141 480 1171 516
Tomato 1248 234 1280 303
Tomato 1173 310 1205 342
Tomato 1196 302 1227 338
Tomato 1069 329 1093 356
Tomato 235 578 333 694
Tomato 545 660 587 713
Tomato 564 671 600 719
Tomato 562 638 602 681
Tomato 548 504 576 536
Tomato 567 507 594 537
Tomato 555 474 589 510
Tomato 582 489 611 532
Tomato 724 467 750 490
Tomato 830 407 905 512
Tomato 815 457 882 530
Tomato 165 317 245 394
Tomato 348 351 419 431
Tomato 309 7 359 60
Tomato 659 325 689 358
Tomato 678 332 702 362
Tomato 948 170 1012 249
Tomato 879 130 945 204
Tomato 738 186 759 218
Tomato 693 167 718 192
Tomato 720 174 746 205
Tomato 707 169 732 196
Tomato 698 327 734 367
Tomato 899 179 969 254
Tomato 742 81 764 107
Tomato 729 71 753 95
Tomato 717 483 739 506
Tomato 705 474 727 499
