Tomato 470 609 561 704
Tomato 222 595 257 638
Tomato 235 611 269 657
Tomato 294 687 324 720
Tomato 294 660 336 699
Tomato 0 176 66 248
Tomato 20 392 80 455
Tomato 0 403 38 473
Tomato 32 486 97 571
Tomato 423 234 522 337
Tomato 521 523 587 587
Tomato 494 499 562 569
Tomato 392 506 488 620
Tomato 429 564 521 660
Tomato 387 209 416 239
Tomato 748 610 796 669
Tomato 776 511 820 560
Tomato 627 454 647 478
Tomato 635 460 656 487
Tomato 976 612 1054 695
Tomato 1016 608 1084 698
Tomato 169 416 189 434
Tomato 141 392 159 412
Tomato 114 388 143 416
Tomato 189 413 210 436
Tomato 197 432 219 455
Tomato 356 547 387 577
Tomato 1038 0 1117 47
Tomato 778 313 809 345
Tomato 771 296 809 334
Tomato 795 310 828 342
Tomato 1227 258 1280 370
Tomato 1218 40 1260 84
Tomato 841 308 864 337
Tomato 755 136 787 172
Tomato 1129 0 1184 43
Tomato 950 0 1020 51
Tomato 1219 10 1269 54
Tomato 1062 583 1151 695
Tomato 472 199 556 298
Tomato 403 174 488 267
Tomato 437 99 529 208
Tomato 496 115 600 234
Tomato 478 46 557 143
