Tomato 1192 272 1213 296
Tomato 1003 170 1026 192
Tomato 394 483 427 518
Tomato 398 455 431 487
Tomato 833 412 934 554
Tomato 430 629 464 666
Tomato 451 611 485 657
Tomato 957 563 1008 617
Tomato 972 169 1002 198
Tomato 959 411 993 444
Tomato 1024 417 1049 444
Tomato 1082 558 1105 581
Tomato 650 8 743 121
Tomato 714 4 803 123
Tomato 653 46 756 166
Tomato 742 440 882 593
Tomato 1211 234 1239 266
Tomato 1006 274 1030 301
Tomato 988 276 1012 305
Tomato 418 191 441 220
Tomato 333 381 351 401
Tomato 324 365 342 385
Tomato 381 271 410 298
Tomato 394 252 422 280
Tomato 403 274 433 303
Tomato 400 303 428 330
Tomato 424 299 451 328
Tomato 409 194 430 220
Tomato 428 183 455 213
Tomato 35 145 88 199
Tomato 0 152 41 214
Tomato 24 183 69 244
Tomato 0 200 33 267
Tomato 14 226 61 273
Tomato 51 365 78 393
Tomato 33 355 60 381
