Tomato 834 87 855 110
Tomato 26 287 88 346
Tomato 23 254 77 307
Tomato 27 225 83 280
Tomato 72 259 118 313
Tomato 107 309 179 374
Tomato 145 293 192 353
Tomato 0 132 32 163
Tomato 496 200 525 228
Tomato 690 202 716 226
Tomato 678 208 705 238
Tomato 182 602 242 680
Tomato 360 619 441 718
Tomato 446 391 476 421
Tomato 377 283 395 306
Tomato 390 287 405 306
Tomato 395 291 412 310
Tomato 26 126 44 145
Tomato 31 120 56 147
Tomato 1232 235 1250 254
Tomato 659 249 684 281
Tomato 675 240 702 271
Tomato 217 384 263 433
Tomato 832 104 856 132
Tomato 856 89 883 116
Tomato 677 102 697 127
Tomato 680 86 703 112
Tomato 721 59 744 83
Tomato 939 67 998 144
Tomato 900 106 948 161
Tomato 900 149 944 196
Tomato 823 257 858 296
Tomato 814 232 854 285
Tomato 856 244 897 294
Tomato 848 264 878 300
Tomato 821 276 850 313
Tomato 827 293 855 332
Tomato 841 300 876 340
Tomato 799 379 839 426
Tomato 1229 211 1250 242
Tomato 1222 259 1244 286
Tomato 1205 217 1233 250
Tomato 1211 256 1231 283
Tomato 1188 199 1219 234
Tomato 1177 186 1204 213
Tomato 876 486 943 559
Tomato 1200 345 1239 399
Tomato 899 252 1001 352
Tomato 886 331 960 416
Tomato 917 317 998 423
Tomato 842 392 933 505
Tomato 983 343 1063 431
Tomato 915 429 982 512
Tomato 985 378 1054 456
Tomato 973 195 1022 257
Tomato 844 475 899 543
Tomato 934 469 991 547
Tomato 991 474 1061 566
Tomato 950 512 1012 599
Tomato 410 350 458 410
