Tomato 1114 677 1148 720
Tomato 870 109 934 167
Tomato 866 48 925 123
Tomato 1095 315 1128 359
Tomato 1109 327 1142 361
Tomato 1120 347 1145 376
Tomato 1249 463 1280 492
Tomato 1233 591 1270 623
Tomato 1080 661 1125 710
Tomato 865 155 916 209
Tomato 354 528 383 553
Tomato 358 133 382 160
Tomato 345 120 373 156
Tomato 334 114 358 146
Tomato 324 235 356 270
Tomato 433 307 495 369
Tomato 378 292 436 354
Tomato 740 611 765 635
Tomato 1185 564 1211 595
Tomato 1160 553 1197 593
Tomato 1144 533 1180 580
Tomato 1120 505 1168 561
Tomato 904 487 981 582
Tomato 914 504 1012 620
Tomato 954 446 1024 526
Tomato 855 437 930 539
Tomato 843 531 892 590
Tomato 568 670 645 720
Tomato 468 604 559 697
Tomato 216 445 235 465
Tomato 79 520 127 565
Tomato 165 589 229 648
Tomato 107 624 198 720
Tomato 214 432 236 454
Tomato 203 422 226 444
Tomato 318 392 359 436
Tomato 83 415 118 453
Tomato 4 444 107 575
