Tomato 241 312 262 334
Tomato 226 308 249 337
Tomato 872 555 916 597
Tomato 625 174 712 249
Tomato 485 283 512 310
Tomato 524 295 558 329
Tomato 321 419 357 452
Tomato 530 370 570 406
Tomato 1095 657 1109 675
Tomato 1084 661 1100 679
Tomato 1157 641 1201 684
Tomato 1104 559 1143 598
Tomato 1085 557 1121 598
Tomato 1112 505 1154 554
Tomato 1086 522 1127 565
Tomato 1145 482 1199 533
Tomato 753 342 806 392
Tomato 744 304 795 349
Tomato 1194 109 1244 157
Tomato 1111 159 1148 196
Tomato 1138 91 1186 148
Tomato 1152 59 1204 105
Tomato 1119 118 1160 165
Tomato 1082 134 1123 172
Tomato 1086 110 1117 152
Tomato 598 26 646 76
Tomato 651 0 697 44
Tomato 589 0 645 48
Tomato 50 449 77 478
Tomato 157 385 184 410
Tomato 193 430 216 461
Tomato 909 245 951 288
Tomato 58 480 79 502
Tomato 26 586 44 605
Tomato 19 571 39 593
Tomato 32 556 53 578
Tomato 48 558 67 581
Tomato 413 649 468 711
Tomato 204 112 223 132
Tomato 235 89 262 112
Tomato 92 477 116 499
Tomato 222 329 246 354
