Tomato 561 68 625 147
Tomato 352 107 372 134
Tomato 1015 423 1061 476
Tomato 726 100 754 135
Tomato 712 80 750 122
Tomato 969 442 997 473
Tomato 1023 87 1046 113
Tomato 1036 98 1062 123
Tomato 1007 190 1035 222
Tomato 1016 201 1053 244
Tomato 1034 267 1058 294
Tomato 1048 267 1070 299
Tomato 1031 228 1060 257
Tomato 1068 271 1087 293
Tomato 1062 221 1087 248
Tomato 1062 241 1087 264
Tomato 1061 259 1083 282
Tomato 1165 474 1184 495
Tomato 461 199 511 258
Tomato 365 38 386 64
Tomato 508 94 535 125
Tomato 506 113 531 140
Tomato 522 100 545 128
Tomato 344 209 366 233
Tomato 524 113 577 179
Tomato 278 361 312 399
Tomato 306 353 340 392
Tomato 290 396 326 435
Tomato 407 383 464 447
Tomato 429 349 504 433
Tomato 375 510 424 574
Tomato 401 476 458 538
Tomato 376 463 426 527
Tomato 383 426 439 486
Tomato 363 394 427 484
Tomato 396 318 466 407
Tomato 414 262 482 343
Tomato 488 280 558 368
Tomato 761 339 787 368
