Tomato 1079 231 1107 260
Tomato 627 177 684 239
Tomato 685 198 727 242
Tomato 658 245 711 301
Tomato 619 217 670 269
Tomato 646 284 695 334
Tomato 882 366 905 389
Tomato 1003 442 1034 472
Tomato 480 634 500 656
Tomato 487 644 508 665
Tomato 496 674 526 704
Tomato 354 401 393 440
Tomato 358 432 397 475
Tomato 569 474 607 515
Tomato 778 542 869 655
Tomato 771 618 848 707
Tomato 810 653 879 720
Tomato 745 620 813 713
Tomato 907 638 944 685
Tomato 1100 215 1126 239
Tomato 1069 240 1096 265
Tomato 1097 234 1124 257
Tomato 925 138 962 174
Tomato 640 78 672 118
Tomato 618 150 644 175
Tomato 272 662 295 681
Tomato 97 233 118 255
Tomato 110 226 133 255
Tomato 283 645 307 673
Tomato 377 134 398 153
Tomato 379 115 395 130
Tomato 400 114 419 129
