Tomato 1026 310 1083 384
Tomato 1001 238 1091 334
Tomato 1050 279 1117 342
Tomato 1093 267 1157 345
Tomato 7 277 46 324
Tomato 18 335 82 406
Tomato 39 359 123 447
Tomato 295 646 361 720
Tomato 966 570 1066 682
Tomato 915 572 985 660
Tomato 1131 279 1190 351
Tomato 1146 231 1217 306
Tomato 1226 103 1258 137
Tomato 1120 39 1140 64
Tomato 909 673 970 720
Tomato 722 685 758 720
Tomato 790 173 813 197
Tomato 803 67 831 97
Tomato 766 234 793 268
Tomato 655 148 679 175
Tomato 665 162 687 188
Tomato 732 399 760 427
Tomato 744 411 767 437
Tomato 759 364 800 405
Tomato 755 395 788 431
Tomato 726 439 759 477
Tomato 729 645 769 688
Tomato 64 187 109 237
Tomato 113 179 178 254
Tomato 119 137 176 210
Tomato 77 144 128 205
Tomato 49 109 97 165
Tomato 125 230 179 287
Tomato 56 230 120 300
Tomato 102 261 152 306
Tomato 0 449 79 541
