Tomato 715 514 750 556
Tomato 761 576 794 611
Tomato 404 293 440 332
Tomato 79 71 177 204
Tomato 15 113 107 235
Tomato 0 228 41 296
Tomato 338 627 435 720
Tomato 792 484 834 533
Tomato 770 516 813 559
Tomato 745 506 781 547
Tomato 646 102 669 130
Tomato 1042 466 1069 490
Tomato 676 471 702 498
Tomato 620 453 646 483
Tomato 990 451 1009 469
Tomato 1019 472 1037 489
Tomato 892 271 916 297
Tomato 819 250 854 284
Tomato 839 238 869 276
Tomato 864 246 900 288
Tomato 818 265 847 299
Tomato 787 273 816 304
Tomato 754 475 786 510
Tomato 579 224 608 265
Tomato 593 232 621 274
Tomato 628 231 653 262
Tomato 622 98 651 130
Tomato 1165 183 1194 215
Tomato 1143 191 1163 212
Tomato 1225 255 1276 307
Tomato 908 367 924 386
Tomato 921 368 938 388
Tomato 1152 153 1188 193
Tomato 1222 135 1257 177
Tomato 1195 126 1236 168
Tomato 1193 152 1228 187
Tomato 1229 293 1272 341
Tomato 796 297 829 326
Tomato 1205 337 1238 372
