Tomato 1189 656 1241 712
Tomato 1139 665 1176 697
Tomato 1129 687 1163 717
Tomato 857 287 876 307
Tomato 904 233 934 267
Tomato 882 240 916 282
Tomato 867 271 891 299
Tomato 928 100 951 131
Tomato 915 105 938 132
Tomato 902 113 923 135
Tomato 1219 357 1246 382
Tomato 1245 192 1280 236
Tomato 1240 157 1280 204
Tomato 1147 200 1183 239
Tomato 1170 212 1230 258
Tomato 1164 165 1223 221
Tomato 1157 250 1205 304
Tomato 1126 212 1170 257
Tomato 888 0 924 28
Tomato 1175 119 1206 149
Tomato 454 202 479 226
Tomato 199 149 225 189
Tomato 187 147 215 180
Tomato 1181 100 1203 125
Tomato 0 63 41 132
Tomato 15 112 83 180
Tomato 0 204 36 257
Tomato 426 190 450 220
Tomato 258 56 346 152
Tomato 289 93 378 190
Tomato 352 72 408 175
Tomato 341 160 424 260
Tomato 399 133 460 194
Tomato 463 163 492 201
Tomato 479 152 514 194
Tomato 157 603 259 720
Tomato 227 555 329 659
Tomato 226 639 330 720
Tomato 317 616 396 713
Tomato 512 383 551 425
Tomato 451 353 494 395
Tomato 425 340 471 387
Tomato 0 134 21 199
Tomato 995 633 1022 661
Tomato 759 653 790 681
Tomato 1057 416 1069 430
Tomato 1052 424 1065 437
Tomato 1046 405 1061 419
Tomato 1037 393 1053 414
Tomato 1056 347 1071 365
Tomato 1044 337 1063 358
Tomato 1018 555 1030 567
Tomato 1013 539 1027 555
Tomato 1009 533 1023 550
Tomato 1033 515 1046 531
Tomato 1035 536 1048 548
Tomato 1032 529 1045 543
Tomato 1025 505 1042 526
Tomato 984 521 1002 541
Tomato 861 589 887 620
Tomato 1248 523 1280 578
Tomato 1252 633 1280 684
Tomato 1241 561 1280 624
Tomato 1186 574 1245 637
Tomato 1165 621 1223 682
Tomato 1164 558 1220 613
Tomato 1147 505 1205 576
Tomato 1106 541 1155 596
Tomato 1131 592 1171 635
Tomato 1233 667 1280 720
Tomato 498 297 533 335
Tomato 1207 104 1227 127
