Tomato 320 656 350 693
Tomato 333 631 380 692
Tomato 361 656 403 704
Tomato 378 676 425 720
Tomato 697 609 738 658
Tomato 340 109 399 175
Tomato 6 42 82 126
Tomato 94 8 175 87
Tomato 705 379 743 424
Tomato 730 398 763 439
Tomato 601 406 625 433
Tomato 593 427 615 452
Tomato 1035 391 1104 461
Tomato 607 464 627 485
Tomato 616 410 640 438
Tomato 1231 198 1273 243
Tomato 699 181 739 221
Tomato 715 193 756 245
Tomato 738 215 769 253
Tomato 964 187 1003 232
Tomato 1083 12 1152 89
Tomato 695 346 734 395
Tomato 1028 15 1084 73
Tomato 1201 85 1229 117
