Tomato 0 252 24 295
Tomato 885 309 909 338
Tomato 876 320 895 347
Tomato 753 683 786 715
Tomato 861 108 882 134
Tomato 863 243 890 277
Tomato 321 682 359 720
Tomato 840 654 872 686
Tomato 823 673 855 707
Tomato 1075 269 1099 296
Tomato 1060 252 1092 291
Tomato 1038 242 1067 279
Tomato 928 595 957 626
Tomato 1086 685 1129 720
Tomato 1075 617 1109 650
Tomato 867 659 902 698
Tomato 810 430 850 472
Tomato 826 492 859 527
Tomato 825 519 857 561
Tomato 1061 420 1107 464
Tomato 844 94 876 124
Tomato 822 87 851 123
Tomato 683 664 740 720
Tomato 725 603 799 694
Tomato 663 571 728 662
Tomato 679 239 742 316
Tomato 656 207 714 267
Tomato 306 367 352 413
