Tomato 335 94 360 125
Tomato 89 592 118 622
Tomato 641 342 674 372
Tomato 622 331 656 367
Tomato 11 302 37 337
Tomato 434 131 482 174
Tomato 403 189 462 249
Tomato 370 232 434 297
Tomato 360 281 445 342
Tomato 307 113 325 132
Tomato 885 283 919 317
Tomato 1225 113 1248 136
Tomato 1184 4 1207 26
Tomato 1040 30 1100 118
Tomato 295 229 325 262
Tomato 1118 33 1176 104
Tomato 311 221 337 249
Tomato 975 522 1050 600
Tomato 109 576 140 618
Tomato 315 97 336 130
Tomato 449 504 528 572
Tomato 467 156 527 211
Tomato 413 184 489 284
Tomato 1077 37 1146 137
Tomato 803 626 834 672
Tomato 1150 68 1201 130
Tomato 1136 15 1188 65
Tomato 906 286 939 322
Tomato 819 622 856 670
Tomato 1135 492 1203 600
Tomato 623 299 654 332
Tomato 285 234 313 269
Tomato 345 0 384 30
Tomato 841 648 876 687
Tomato 984 598 1061 685
Tomato 927 477 1006 574
Tomato 988 441 1060 526
Tomato 1030 478 1122 579
Tomato 1122 435 1195 520
Tomato 653 320 684 353
