Tomato 931 304 1027 395
Tomato 939 120 986 186
Tomato 970 79 1024 136
Tomato 988 90 1056 172
Tomato 1044 101 1098 164
Tomato 1073 131 1120 199
Tomato 381 684 440 720
Tomato 391 636 461 706
Tomato 361 563 432 658
Tomato 414 583 482 664
Tomato 438 525 491 573
Tomato 365 468 436 577
Tomato 441 447 512 534
Tomato 372 405 440 486
Tomato 0 62 42 129
Tomato 153 300 191 340
Tomato 140 320 170 357
Tomato 131 339 161 361
Tomato 903 391 961 454
Tomato 801 356 852 412
Tomato 828 298 898 367
Tomato 909 177 969 234
Tomato 1235 236 1268 265
Tomato 1216 217 1251 253
Tomato 1237 438 1278 494
Tomato 1092 383 1134 433
Tomato 398 191 471 282
Tomato 455 179 523 247
Tomato 503 166 568 246
Tomato 523 203 592 280
Tomato 501 272 546 322
Tomato 477 232 531 304
Tomato 534 252 582 312
