Tomato 476 508 546 604
Tomato 1068 88 1117 151
Tomato 1076 145 1122 198
Tomato 1001 87 1058 142
Tomato 254 238 285 275
Tomato 1 2 50 64
Tomato 53 42 96 83
Tomato 10 54 51 106
Tomato 468 93 534 164
Tomato 429 149 482 207
Tomato 501 103 565 178
Tomato 475 125 538 190
Tomato 458 168 515 237
Tomato 407 183 463 248
Tomato 403 527 492 624
Tomato 433 585 503 671
Tomato 400 610 466 683
Tomato 377 657 441 720
Tomato 431 206 480 260
Tomato 441 119 494 175
Tomato 206 412 238 437
Tomato 965 385 1040 466
Tomato 976 417 1043 491
Tomato 1056 425 1118 496
Tomato 1032 385 1107 469
Tomato 996 466 1054 513
Tomato 1225 155 1258 191
Tomato 1245 179 1280 221
Tomato 1043 109 1094 170
Tomato 1087 101 1140 154
Tomato 1036 95 1083 163
Tomato 501 574 550 636
Tomato 498 604 553 661
