Tomato 349 301 373 324
Tomato 401 645 467 714
Tomato 427 618 503 696
Tomato 445 574 537 680
Tomato 382 576 471 659
Tomato 473 495 595 628
Tomato 15 187 47 219
Tomato 447 362 475 397
Tomato 462 376 491 406
Tomato 450 388 475 417
Tomato 430 379 461 408
Tomato 473 335 507 365
Tomato 767 175 788 199
Tomato 365 435 391 463
Tomato 20 594 96 685
Tomato 93 487 204 614
Tomato 42 488 130 562
Tomato 37 562 98 614
Tomato 60 527 147 609
Tomato 438 518 490 570
Tomato 667 627 697 658
Tomato 742 669 795 720
Tomato 696 690 732 720
Tomato 918 610 951 644
Tomato 936 600 983 650
Tomato 1222 528 1260 584
Tomato 1186 527 1222 577
Tomato 907 467 940 504
Tomato 759 138 787 167
Tomato 771 146 799 175
Tomato 893 318 916 344
Tomato 889 359 915 387
Tomato 1025 215 1053 242
Tomato 1031 234 1055 259
Tomato 1022 240 1040 262
Tomato 986 82 1012 109
Tomato 989 96 1015 125
Tomato 771 160 797 190
Tomato 726 397 743 414
Tomato 578 337 599 359
Tomato 951 565 1001 614
Tomato 905 276 919 293
Tomato 754 167 775 188
Tomato 596 88 665 175
Tomato 557 66 630 143
Tomato 932 422 952 455
Tomato 974 211 1009 254
Tomato 995 205 1025 237
Tomato 1005 220 1031 254
Tomato 455 168 504 213
Tomato 1008 87 1035 118
Tomato 1039 99 1064 126
Tomato 1018 113 1040 137
Tomato 1009 120 1030 147
Tomato 988 113 1011 140
Tomato 1025 81 1050 109
Tomato 1161 554 1182 579
Tomato 1163 538 1185 564
Tomato 781 402 812 435
Tomato 467 108 537 193
Tomato 941 433 958 453
Tomato 1103 393 1123 417
Tomato 147 119 235 236
Tomato 113 166 190 269
Tomato 72 141 150 215
Tomato 39 192 117 270
Tomato 75 190 146 262
Tomato 79 241 143 300
Tomato 912 271 927 286
Tomato 896 265 915 284
Tomato 817 309 846 343
Tomato 802 293 830 335
Tomato 782 273 819 320
Tomato 765 255 799 292
Tomato 504 75 579 189
Tomato 545 103 620 201
