Tomato 584 51 661 134
Tomato 573 566 672 691
Tomato 268 303 393 429
Tomato 248 236 363 358
Tomato 599 279 655 372
Tomato 502 194 583 280
Tomato 649 527 759 665
Tomato 637 614 738 715
Tomato 458 158 540 258
Tomato 688 175 769 298
Tomato 660 113 753 204
Tomato 653 35 750 143
Tomato 589 88 667 171
Tomato 316 177 340 204
Tomato 387 662 438 711
Tomato 215 582 239 612
Tomato 566 662 663 720
Tomato 357 86 387 117
Tomato 334 151 366 180
Tomato 498 103 583 186
Tomato 540 141 612 218
Tomato 0 501 121 657
