Tomato 1012 419 1114 530
Tomato 841 194 870 220
Tomato 973 229 1009 266
Tomato 1037 207 1093 263
Tomato 1009 157 1069 225
Tomato 984 174 1062 254
Tomato 972 251 1032 310
Tomato 864 203 890 235
Tomato 847 210 874 241
Tomato 864 183 892 211
Tomato 938 163 988 211
Tomato 688 345 766 432
Tomato 679 394 744 457
Tomato 648 465 734 560
Tomato 629 547 716 646
Tomato 710 619 749 665
Tomato 1258 440 1275 462
Tomato 1242 474 1272 504
Tomato 1229 509 1259 540
Tomato 1196 440 1243 490
Tomato 1246 494 1275 535
Tomato 1250 332 1274 366
Tomato 1239 321 1265 354
Tomato 1101 412 1148 464
Tomato 903 541 981 637
Tomato 1193 586 1239 638
Tomato 736 635 773 684
Tomato 498 669 584 720
Tomato 336 582 377 641
Tomato 272 104 292 125
Tomato 364 339 393 370
Tomato 371 328 396 352
Tomato 420 330 443 354
Tomato 262 372 285 396
Tomato 268 359 290 383
Tomato 257 388 280 413
Tomato 140 396 175 436
Tomato 124 411 156 447
Tomato 100 398 131 434
Tomato 98 453 121 482
Tomato 262 105 280 127
Tomato 288 225 314 251
Tomato 277 212 303 239
Tomato 264 206 290 234
Tomato 276 118 300 143
Tomato 0 48 46 100
Tomato 0 3 44 73
Tomato 42 70 77 110
Tomato 41 28 86 83
Tomato 423 345 445 370
Tomato 404 457 429 486
Tomato 665 95 725 171
Tomato 845 172 874 210
