Tomato 320 654 394 720
Tomato 380 667 440 720
Tomato 358 610 422 698
Tomato 286 560 392 683
Tomato 358 537 425 616
Tomato 297 492 386 598
Tomato 488 573 512 601
Tomato 533 438 551 457
Tomato 545 433 565 453
Tomato 290 179 397 261
Tomato 347 227 419 300
Tomato 710 141 736 166
Tomato 714 120 741 149
Tomato 732 108 757 135
Tomato 825 178 872 227
Tomato 861 183 896 230
Tomato 805 105 851 163
Tomato 812 137 858 195
Tomato 864 111 910 160
Tomato 498 589 525 617
Tomato 925 73 953 100
Tomato 507 508 528 533
Tomato 516 511 535 530
