Tomato 436 80 500 155
Tomato 408 85 480 160
Tomato 395 49 462 125
Tomato 97 634 189 714
Tomato 231 38 256 60
Tomato 248 32 275 61
Tomato 390 216 417 250
Tomato 406 206 436 241
Tomato 424 201 451 234
Tomato 679 110 721 154
Tomato 393 361 435 404
Tomato 352 593 390 635
Tomato 374 583 411 626
Tomato 234 467 296 537
Tomato 192 424 269 507
Tomato 143 386 219 471
Tomato 902 298 947 340
Tomato 915 360 998 458
Tomato 871 436 941 513
Tomato 869 569 915 621
Tomato 849 613 899 665
Tomato 580 627 669 720
Tomato 474 620 591 720
Tomato 659 123 697 160
Tomato 490 0 574 93
Tomato 466 16 534 101
Tomato 434 18 500 96
Tomato 899 240 952 304
Tomato 912 179 989 260
Tomato 959 326 1029 399
Tomato 758 377 786 403
