Tomato 412 31 452 70
Tomato 272 41 294 61
Tomato 53 248 73 268
Tomato 53 234 76 254
Tomato 419 242 448 275
Tomato 617 264 653 300
Tomato 222 500 265 541
Tomato 239 221 268 256
Tomato 224 229 249 254
Tomato 219 241 241 264
Tomato 223 254 245 278
Tomato 436 236 505 300
Tomato 556 419 605 472
Tomato 520 401 580 458
Tomato 468 297 541 371
Tomato 511 281 580 354
Tomato 546 378 595 432
Tomato 527 335 588 397
Tomato 477 356 549 440
Tomato 388 655 465 720
Tomato 826 388 889 459
Tomato 382 73 412 108
Tomato 280 52 297 72
Tomato 285 42 302 59
Tomato 663 516 692 549
Tomato 729 595 750 616
Tomato 850 535 887 572
Tomato 667 546 693 576
Tomato 849 647 890 698
Tomato 897 651 959 710
Tomato 917 603 987 671
Tomato 936 552 1003 614
Tomato 977 509 1047 570
Tomato 906 486 981 558
Tomato 1127 678 1177 720
Tomato 926 413 988 497
Tomato 884 376 955 439
Tomato 829 308 899 371
Tomato 850 253 876 279
Tomato 847 235 869 259
Tomato 855 281 879 305
Tomato 881 221 907 252
Tomato 851 224 879 252
Tomato 952 125 1015 196
Tomato 1096 161 1119 187
Tomato 1100 149 1123 176
Tomato 1114 133 1139 159
Tomato 1125 149 1150 174
Tomato 1242 365 1280 410
Tomato 1244 398 1280 441
Tomato 1170 433 1206 471
Tomato 1194 365 1232 403
Tomato 1032 268 1099 339
Tomato 1042 214 1095 278
Tomato 1005 169 1065 245
Tomato 1019 211 1075 288
