Tomato 738 62 756 83
Tomato 726 181 758 223
Tomato 320 173 342 199
Tomato 511 111 556 157
Tomato 742 41 771 71
Tomato 754 20 784 55
Tomato 534 113 619 220
Tomato 560 192 641 300
Tomato 619 237 665 289
Tomato 602 206 662 278
Tomato 1054 124 1146 228
Tomato 1005 77 1083 176
Tomato 704 636 720 656
Tomato 698 611 723 634
Tomato 814 308 849 346
Tomato 784 338 820 374
Tomato 813 332 853 383
Tomato 788 363 827 399
Tomato 837 393 879 428
Tomato 756 353 801 401
Tomato 744 381 772 407
Tomato 534 76 580 133
Tomato 730 374 759 397
Tomato 742 502 770 536
Tomato 1173 241 1203 276
Tomato 1150 247 1189 287
Tomato 830 508 861 550
Tomato 821 488 850 518
Tomato 692 666 718 692
Tomato 1179 686 1238 720
Tomato 1121 646 1197 720
Tomato 1038 630 1138 720
Tomato 1028 575 1131 667
Tomato 400 545 522 654
Tomato 333 577 441 677
Tomato 359 623 465 720
Tomato 254 571 349 664
Tomato 121 468 149 497
Tomato 114 437 146 480
Tomato 103 420 138 452
Tomato 155 295 186 327
Tomato 141 278 177 307
Tomato 134 259 164 286
Tomato 135 608 158 633
Tomato 119 601 145 628
Tomato 68 537 111 575
Tomato 99 618 129 648
Tomato 72 613 107 641
Tomato 464 89 519 168
Tomato 492 72 541 145
Tomato 1087 225 1147 280
Tomato 430 77 483 139
Tomato 1174 119 1196 148
Tomato 1181 112 1204 143
