Tomato 203 631 248 687
Tomato 629 457 657 486
Tomato 660 460 705 511
Tomato 170 322 266 420
Tomato 217 286 306 361
Tomato 182 242 213 273
Tomato 215 263 240 288
Tomato 256 268 362 420
Tomato 502 376 585 462
Tomato 1099 120 1125 148
Tomato 1076 123 1103 153
Tomato 0 612 45 666
Tomato 465 0 511 47
Tomato 385 251 488 384
Tomato 1097 238 1132 277
Tomato 1115 248 1143 279
Tomato 1192 346 1223 379
Tomato 538 47 564 79
Tomato 538 70 567 96
Tomato 318 258 418 420
Tomato 774 362 794 386
Tomato 780 374 802 398
Tomato 829 386 879 441
Tomato 414 273 528 406
Tomato 860 335 934 412
Tomato 882 267 967 360
Tomato 799 339 879 413
Tomato 800 385 850 441
Tomato 571 676 615 720
Tomato 494 0 550 64
Tomato 480 329 566 416
