Tomato 410 557 476 626
Tomato 336 477 415 551
Tomato 544 6 585 54
Tomato 1197 8 1280 94
Tomato 347 536 413 611
Tomato 930 304 977 356
Tomato 754 600 795 647
Tomato 1180 72 1267 173
Tomato 781 152 801 175
Tomato 751 149 772 175
Tomato 375 480 469 581
Tomato 1194 411 1228 445
Tomato 1174 391 1212 436
Tomato 1151 403 1189 446
Tomato 492 284 547 339
Tomato 462 286 519 347
Tomato 478 327 528 376
Tomato 512 352 553 399
Tomato 478 369 528 413
Tomato 456 543 519 614
Tomato 411 659 474 713
Tomato 550 64 568 83
Tomato 561 72 583 92
