Tomato 184 421 268 506
Tomato 389 111 445 173
Tomato 437 107 496 173
Tomato 383 54 445 130
Tomato 434 55 498 135
Tomato 691 44 708 68
Tomato 677 45 701 67
Tomato 679 26 705 54
Tomato 655 21 679 50
Tomato 902 103 923 137
Tomato 915 319 942 349
Tomato 915 97 939 129
Tomato 686 128 723 174
Tomato 701 142 734 174
Tomato 710 165 739 196
Tomato 921 237 945 267
Tomato 1226 229 1254 259
Tomato 1221 245 1246 275
Tomato 189 479 274 582
Tomato 1205 222 1232 251
Tomato 1197 242 1224 267
Tomato 933 580 969 622
Tomato 917 556 957 601
Tomato 572 569 608 609
Tomato 892 528 946 584
Tomato 40 332 88 387
Tomato 13 315 62 371
Tomato 26 550 113 637
Tomato 78 601 144 675
Tomato 1052 374 1069 393
Tomato 1068 373 1084 392
Tomato 1055 382 1074 399
Tomato 1072 389 1089 405
Tomato 1067 400 1083 415
Tomato 883 336 912 366
Tomato 889 359 917 388
Tomato 903 343 931 372
Tomato 912 211 946 243
Tomato 1184 407 1211 440
Tomato 1210 408 1235 437
Tomato 1177 388 1208 420
Tomato 1189 374 1222 410
Tomato 1199 356 1234 396
Tomato 1077 549 1105 582
Tomato 1091 576 1119 605
Tomato 954 595 983 628
Tomato 1195 421 1224 450
