Tomato 1128 475 1144 492
Tomato 221 530 289 607
Tomato 1135 453 1156 477
Tomato 1133 465 1148 480
Tomato 1118 479 1133 494
Tomato 1055 440 1079 461
Tomato 398 685 439 720
Tomato 98 191 160 249
Tomato 909 677 936 704
Tomato 769 673 833 720
Tomato 1218 516 1255 562
Tomato 1238 505 1273 556
Tomato 1228 540 1261 582
Tomato 1207 574 1237 607
Tomato 966 79 995 105
Tomato 956 91 980 116
Tomato 72 154 122 211
Tomato 149 123 227 211
Tomato 408 582 433 610
Tomato 425 590 447 616
Tomato 525 614 557 644
Tomato 236 375 272 415
Tomato 622 107 661 149
Tomato 1034 652 1090 714
Tomato 1010 647 1059 694
Tomato 896 665 925 697
Tomato 1197 358 1235 402
Tomato 1182 395 1223 438
Tomato 869 378 922 431
Tomato 879 453 934 509
Tomato 849 468 901 523
Tomato 943 130 965 157
Tomato 958 118 981 146
