Tomato 766 83 861 186
Tomato 37 649 134 720
Tomato 116 608 207 708
Tomato 223 153 255 203
Tomato 467 653 506 696
Tomato 99 545 142 595
Tomato 56 265 134 365
Tomato 105 201 200 336
Tomato 224 248 283 309
Tomato 707 296 776 366
Tomato 175 274 235 351
Tomato 842 55 942 186
Tomato 756 221 833 299
Tomato 964 270 991 300
Tomato 965 304 989 328
Tomato 940 285 961 313
Tomato 929 290 946 312
Tomato 767 381 884 513
Tomato 769 534 899 686
Tomato 838 616 957 720
Tomato 922 642 1035 720
Tomato 905 474 1001 589
Tomato 1008 446 1034 475
Tomato 1043 437 1071 464
Tomato 1036 416 1060 447
Tomato 951 461 981 494
Tomato 964 423 994 453
Tomato 1015 429 1040 456
Tomato 494 162 512 180
Tomato 502 607 527 638
Tomato 516 552 541 580
Tomato 511 534 535 559
Tomato 531 524 557 555
Tomato 529 506 554 534
Tomato 510 516 536 545
Tomato 484 529 508 560
Tomato 486 461 515 506
Tomato 466 463 499 503
Tomato 947 271 965 292
Tomato 933 316 959 341
Tomato 696 146 771 228
Tomato 737 99 808 181
Tomato 1195 404 1229 437
Tomato 1194 271 1212 290
Tomato 1197 256 1219 277
Tomato 1208 247 1230 268
Tomato 476 508 511 543
Tomato 487 484 519 516
Tomato 530 453 555 473
