Tomato 670 443 727 502
Tomato 1136 253 1171 294
Tomato 1136 252 1154 280
Tomato 1114 258 1146 299
Tomato 1005 538 1027 571
Tomato 994 534 1016 559
Tomato 1135 392 1183 443
Tomato 265 158 318 220
Tomato 90 79 117 113
Tomato 65 106 96 143
Tomato 1010 466 1041 508
Tomato 979 480 1013 528
Tomato 496 605 524 635
Tomato 491 38 528 78
Tomato 717 124 781 188
Tomato 661 191 707 238
Tomato 635 174 681 225
Tomato 689 204 736 261
Tomato 657 226 701 276
Tomato 624 210 667 261
Tomato 104 99 142 136
Tomato 520 235 544 265
Tomato 517 191 545 224
Tomato 487 189 523 229
Tomato 489 215 521 249
Tomato 487 242 512 268
Tomato 498 255 522 285
Tomato 209 32 244 76
Tomato 188 16 233 58
Tomato 630 389 691 453
Tomato 705 383 748 435
Tomato 673 407 734 477
Tomato 621 418 678 472
Tomato 609 449 666 514
Tomato 645 481 693 539
Tomato 264 239 319 304
Tomato 230 252 286 318
Tomato 258 291 301 333
Tomato 215 421 290 495
Tomato 186 467 275 554
