Tomato 581 306 644 381
Tomato 671 629 776 720
Tomato 727 598 840 708
Tomato 876 505 970 597
Tomato 937 590 991 639
Tomato 1212 427 1280 508
Tomato 0 674 56 720
Tomato 18 643 93 720
Tomato 0 569 78 667
Tomato 1147 457 1203 517
Tomato 1103 508 1169 577
Tomato 1153 518 1230 596
Tomato 781 329 890 452
Tomato 1197 533 1276 624
Tomato 1011 68 1079 154
Tomato 1046 42 1120 118
Tomato 1098 57 1178 151
Tomato 991 131 1060 200
Tomato 384 673 421 711
Tomato 401 549 433 587
Tomato 518 278 549 309
Tomato 497 117 526 142
Tomato 513 104 534 130
Tomato 923 396 971 471
Tomato 888 35 957 113
Tomato 432 236 503 329
