Tomato 78 236 118 278
Tomato 58 570 110 632
Tomato 51 610 105 662
Tomato 1079 261 1107 289
Tomato 147 139 202 209
Tomato 121 167 171 218
Tomato 599 149 657 209
Tomato 578 114 633 179
Tomato 558 434 618 501
Tomato 517 388 594 462
Tomato 1191 375 1234 426
Tomato 1192 449 1224 478
Tomato 95 552 154 622
Tomato 94 200 146 259
Tomato 1229 357 1272 403
Tomato 1214 331 1257 369
Tomato 1209 421 1245 454
Tomato 1194 420 1226 450
Tomato 1090 426 1124 459
Tomato 597 390 661 471
Tomato 385 424 412 453
Tomato 1062 604 1097 641
Tomato 364 426 394 455
Tomato 666 109 702 152
Tomato 635 100 687 158
Tomato 102 492 164 565
Tomato 51 500 117 580
Tomato 140 571 186 617
Tomato 133 545 173 597
Tomato 934 169 973 220
Tomato 907 148 950 189
Tomato 69 214 109 257
Tomato 1220 391 1271 443
Tomato 1160 364 1184 385
Tomato 1177 559 1229 614
