Tomato 101 46 156 97
Tomato 99 79 170 168
Tomato 130 92 204 200
Tomato 199 664 282 720
Tomato 547 502 593 556
Tomato 528 475 576 526
Tomato 523 451 580 511
Tomato 691 554 851 720
Tomato 231 281 256 305
Tomato 246 261 272 287
Tomato 238 310 267 340
Tomato 252 285 279 312
Tomato 260 309 290 338
Tomato 279 306 309 340
Tomato 832 260 911 337
Tomato 257 656 336 720
Tomato 812 648 976 720
Tomato 1088 113 1117 148
Tomato 1072 30 1095 57
Tomato 89 426 211 551
Tomato 224 399 331 540
Tomato 37 78 114 181
Tomato 807 280 835 309
Tomato 790 280 817 312
Tomato 1103 124 1126 152
Tomato 532 691 566 720
Tomato 1231 557 1267 596
