Tomato 999 639 1052 701
Tomato 14 657 100 720
Tomato 401 48 476 129
Tomato 694 108 730 155
Tomato 1051 409 1082 448
Tomato 1083 404 1101 420
Tomato 1134 467 1148 481
Tomato 792 115 815 138
Tomato 583 372 599 390
Tomato 597 372 612 395
Tomato 576 481 595 503
Tomato 560 486 579 507
Tomato 544 470 565 496
Tomato 535 486 555 507
Tomato 531 474 549 497
Tomato 757 136 785 165
Tomato 1139 183 1189 232
Tomato 1044 624 1114 701
Tomato 840 623 889 678
Tomato 805 594 858 652
Tomato 974 452 1044 533
Tomato 770 521 821 569
Tomato 670 430 790 525
Tomato 608 458 676 525
Tomato 574 509 660 598
Tomato 628 530 721 623
Tomato 673 556 769 654
Tomato 711 643 799 717
Tomato 560 105 613 167
Tomato 620 34 702 135
Tomato 574 76 633 138
Tomato 572 31 628 101
Tomato 541 77 601 146
Tomato 46 631 127 703
Tomato 86 573 174 672
Tomato 312 273 414 386
Tomato 345 360 440 461
Tomato 299 344 400 453
Tomato 375 3 457 83
