Tomato 663 539 726 597
Tomato 516 602 555 642
Tomato 505 104 544 141
Tomato 479 94 516 133
Tomato 492 64 536 111
Tomato 974 625 1013 666
Tomato 1107 363 1159 413
Tomato 1138 343 1187 398
Tomato 1084 250 1149 319
Tomato 1096 285 1150 347
Tomato 1129 299 1186 356
Tomato 1160 269 1210 336
Tomato 432 46 471 90
Tomato 468 20 506 60
Tomato 446 65 494 118
Tomato 751 176 807 234
Tomato 353 506 412 583
Tomato 570 405 597 432
Tomato 580 392 609 426
Tomato 552 421 588 450
Tomato 401 327 462 400
Tomato 411 269 463 323
Tomato 632 546 691 616
