Tomato 1192 1 1259 62
Tomato 1169 55 1230 114
Tomato 1073 160 1141 238
Tomato 1098 208 1152 266
Tomato 1140 107 1211 209
Tomato 904 163 947 212
Tomato 501 560 610 672
Tomato 1032 209 1100 289
Tomato 764 585 796 621
Tomato 721 435 742 456
Tomato 748 463 779 500
Tomato 524 523 573 577
Tomato 436 458 555 605
Tomato 734 462 766 494
Tomato 0 610 43 661
Tomato 40 462 74 509
Tomato 182 504 216 550
Tomato 49 309 79 339
Tomato 49 332 78 365
Tomato 1151 643 1232 720
Tomato 1096 542 1208 675
Tomato 522 114 573 163
