Tomato 635 100 659 131
Tomato 19 37 55 72
Tomato 647 610 680 639
Tomato 244 659 270 690
Tomato 224 521 249 551
Tomato 871 641 976 720
Tomato 865 585 977 673
Tomato 1061 378 1137 469
Tomato 1114 381 1186 468
Tomato 1006 299 1109 426
Tomato 1060 269 1151 379
Tomato 919 412 951 446
Tomato 1072 0 1142 68
Tomato 1115 0 1181 67
Tomato 960 114 989 144
Tomato 765 562 796 599
Tomato 577 540 624 585
Tomato 625 603 652 635
Tomato 611 591 643 628
Tomato 602 566 640 604
Tomato 636 616 662 646
Tomato 415 62 441 88
Tomato 402 56 430 84
Tomato 398 41 424 68
Tomato 378 35 408 64
Tomato 566 343 593 370
Tomato 612 328 639 375
Tomato 602 333 625 378
Tomato 594 339 615 369
Tomato 580 350 607 380
Tomato 567 364 590 392
Tomato 557 382 574 400
Tomato 533 352 554 376
Tomato 628 557 665 593
Tomato 638 580 669 614
Tomato 131 547 169 590
Tomato 634 217 660 247
Tomato 412 174 441 206
Tomato 401 154 436 189
Tomato 394 141 422 181
Tomato 312 260 352 297
Tomato 337 260 377 301
Tomato 413 77 433 99
