Tomato 266 31 283 52
Tomato 102 237 130 264
Tomato 76 258 102 284
Tomato 81 242 112 272
Tomato 117 666 153 707
Tomato 248 610 308 692
Tomato 234 305 256 326
Tomato 604 442 674 547
Tomato 187 486 254 548
Tomato 213 500 288 571
Tomato 247 534 313 607
Tomato 63 493 133 557
Tomato 127 487 170 542
Tomato 85 468 152 539
Tomato 65 358 136 441
Tomato 41 288 122 381
Tomato 251 22 266 41
Tomato 257 25 273 46
Tomato 984 663 1018 697
Tomato 10 634 80 709
Tomato 882 624 920 661
Tomato 686 28 750 119
Tomato 241 365 282 407
Tomato 743 70 798 138
Tomato 790 151 840 217
Tomato 753 117 817 182
Tomato 697 88 760 155
Tomato 650 428 728 536
Tomato 41 18 106 85
Tomato 77 25 135 88
Tomato 84 68 145 138
Tomato 114 102 168 169
Tomato 218 79 270 135
Tomato 224 290 249 317
Tomato 207 112 244 164
Tomato 1074 649 1097 673
Tomato 1220 233 1259 272
Tomato 1136 575 1156 599
Tomato 1121 577 1148 604
Tomato 1250 395 1280 451
Tomato 1111 452 1130 472
Tomato 1115 466 1132 485
Tomato 1105 472 1123 490
Tomato 974 439 996 468
Tomato 970 556 994 582
Tomato 990 566 1015 596
Tomato 206 417 312 494
Tomato 971 574 998 604
Tomato 985 416 1009 440
Tomato 962 398 991 425
Tomato 955 424 985 464
Tomato 935 405 974 450
Tomato 1109 444 1129 461
