Tomato 964 211 1006 258
Tomato 920 190 980 257
Tomato 870 143 929 223
Tomato 561 61 588 95
Tomato 580 73 606 103
Tomato 755 96 779 124
Tomato 737 197 786 250
Tomato 695 557 723 590
Tomato 484 474 512 505
Tomato 537 232 559 257
Tomato 531 252 560 278
Tomato 503 456 540 497
Tomato 542 497 572 527
Tomato 866 95 923 165
Tomato 539 448 580 501
Tomato 543 571 583 620
Tomato 182 279 238 345
Tomato 163 303 216 361
Tomato 165 356 211 403
Tomato 146 372 185 410
Tomato 217 270 280 360
Tomato 109 22 159 71
Tomato 148 30 189 70
Tomato 171 49 205 84
Tomato 179 90 210 121
Tomato 836 135 897 208
Tomato 818 185 863 234
Tomato 1046 256 1085 296
Tomato 958 141 1015 209
Tomato 937 111 1004 174
Tomato 781 413 899 516
Tomato 761 476 849 549
Tomato 762 503 880 623
Tomato 866 617 946 712
Tomato 818 584 900 686
Tomato 730 575 812 662
Tomato 697 628 763 714
Tomato 679 656 724 714
