Tomato 27 131 68 180
Tomato 116 436 176 491
Tomato 133 400 185 459
Tomato 151 307 233 380
Tomato 199 261 277 360
Tomato 13 148 52 191
Tomato 36 105 83 156
Tomato 301 104 349 159
Tomato 323 82 375 148
Tomato 383 69 431 125
Tomato 325 39 381 97
Tomato 405 46 448 103
Tomato 367 37 419 87
Tomato 449 336 486 377
Tomato 462 530 499 567
Tomato 475 546 512 587
Tomato 926 320 952 346
Tomato 743 519 781 562
Tomato 753 541 787 584
Tomato 1047 153 1083 187
Tomato 1043 112 1088 164
Tomato 1054 91 1100 145
Tomato 1082 92 1119 133
Tomato 1096 77 1132 115
Tomato 1074 56 1119 101
Tomato 925 393 968 438
Tomato 1208 273 1272 340
Tomato 1215 319 1275 388
Tomato 1144 668 1182 706
Tomato 716 402 746 433
Tomato 733 428 761 457
Tomato 760 461 788 493
Tomato 642 413 665 432
Tomato 709 234 733 260
Tomato 739 271 762 297
Tomato 753 268 775 291
Tomato 730 242 749 266
Tomato 737 253 762 280
Tomato 624 544 649 572
Tomato 954 574 985 612
Tomato 1148 398 1181 431
Tomato 792 674 819 703
Tomato 724 119 746 143
Tomato 732 130 753 155
Tomato 926 295 954 325
Tomato 758 432 782 459
