Tomato 615 212 688 292
Tomato 1037 458 1072 495
Tomato 976 452 1007 485
Tomato 1012 365 1043 398
Tomato 963 458 987 488
Tomato 1067 308 1104 350
Tomato 1040 333 1079 375
Tomato 1019 379 1051 418
Tomato 1033 361 1069 399
Tomato 154 294 229 376
Tomato 137 200 252 335
Tomato 104 297 205 415
Tomato 43 367 129 475
Tomato 84 390 181 504
Tomato 84 492 153 568
Tomato 202 298 273 371
Tomato 989 367 1012 390
Tomato 976 368 998 393
Tomato 1208 446 1249 493
Tomato 992 653 1015 686
Tomato 978 646 1002 681
Tomato 1125 658 1169 705
Tomato 684 125 770 222
Tomato 621 260 671 318
Tomato 265 648 336 711
Tomato 1000 352 1026 377
Tomato 1204 194 1228 222
