Tomato 353 92 368 107
Tomato 337 72 355 92
Tomato 323 67 341 93
Tomato 348 172 372 198
Tomato 336 190 363 217
Tomato 328 173 357 200
Tomato 323 163 349 193
Tomato 266 270 298 304
Tomato 0 381 19 419
Tomato 41 417 60 436
Tomato 631 380 707 464
Tomato 582 379 654 454
Tomato 505 322 547 371
Tomato 460 336 504 377
Tomato 1113 215 1177 298
Tomato 1152 284 1189 319
Tomato 1072 302 1096 329
Tomato 1013 119 1037 149
Tomato 888 91 910 113
Tomato 865 92 891 117
Tomato 870 101 895 126
Tomato 1117 290 1162 331
Tomato 510 630 583 720
Tomato 523 563 553 592
Tomato 523 545 548 571
Tomato 126 522 162 560
Tomato 496 567 529 600
Tomato 502 581 533 612
Tomato 825 404 859 436
Tomato 845 407 876 438
Tomato 833 421 861 452
Tomato 754 339 775 364
Tomato 767 341 789 365
Tomato 571 295 662 406
Tomato 638 263 732 375
Tomato 7 510 36 543
Tomato 4 392 33 425
Tomato 21 403 44 429
Tomato 340 87 357 103
Tomato 1136 622 1244 720
Tomato 1214 590 1280 677
Tomato 1202 636 1280 720
Tomato 1091 188 1152 256
Tomato 1146 173 1227 278
