Tomato 942 187 969 218
Tomato 738 329 804 391
Tomato 718 299 779 357
Tomato 692 204 770 289
Tomato 736 236 827 326
Tomato 484 30 512 61
Tomato 469 36 491 62
Tomato 458 123 490 158
Tomato 701 172 723 193
Tomato 740 202 809 276
Tomato 630 481 659 515
Tomato 449 493 477 529
Tomato 483 456 519 498
Tomato 456 468 491 513
Tomato 461 314 508 357
Tomato 483 367 509 399
Tomato 466 429 497 460
Tomato 493 432 539 471
Tomato 243 310 344 417
Tomato 287 161 321 197
Tomato 113 642 149 690
Tomato 285 360 387 471
Tomato 346 407 420 499
Tomato 652 589 739 680
Tomato 735 610 818 692
Tomato 1198 641 1280 720
Tomato 1167 563 1246 650
Tomato 1145 610 1219 683
Tomato 1147 677 1217 720
Tomato 922 400 952 429
Tomato 1114 371 1156 417
Tomato 954 398 983 427
Tomato 923 380 960 415
Tomato 1203 288 1234 318
Tomato 935 82 966 116
Tomato 925 192 954 223
Tomato 780 98 881 195
Tomato 625 378 645 399
Tomato 684 332 703 353
Tomato 598 291 617 310
Tomato 609 298 622 316
Tomato 279 608 315 641
