Tomato 516 582 544 619
Tomato 532 573 562 613
Tomato 751 413 773 442
Tomato 759 395 782 425
Tomato 765 347 792 381
Tomato 766 166 788 190
Tomato 765 179 788 204
Tomato 779 160 802 190
Tomato 630 119 649 142
Tomato 638 108 660 135
Tomato 649 116 665 136
Tomato 801 50 822 76
Tomato 968 142 990 168
Tomato 813 43 831 66
Tomato 822 48 847 72
Tomato 822 26 844 51
Tomato 841 56 857 78
Tomato 979 145 1003 173
Tomato 971 580 1013 621
Tomato 1220 191 1271 261
Tomato 1244 225 1280 287
Tomato 1172 500 1199 530
Tomato 14 557 55 600
Tomato 1187 453 1228 500
Tomato 1222 466 1265 519
Tomato 1243 447 1280 514
Tomato 977 483 1005 513
Tomato 1138 384 1168 423
Tomato 142 568 166 596
Tomato 225 458 250 489
Tomato 429 540 454 573
Tomato 535 693 566 720
Tomato 556 689 588 720
Tomato 576 676 606 715
Tomato 593 674 629 712
Tomato 607 257 626 280
Tomato 620 220 645 245
Tomato 542 384 571 421
Tomato 610 567 635 595
Tomato 16 653 61 707
Tomato 17 570 55 609
Tomato 31 506 74 541
Tomato 0 480 32 517
Tomato 30 238 80 298
Tomato 38 190 90 247
Tomato 65 165 103 206
Tomato 85 195 117 230
Tomato 419 0 463 37
Tomato 466 33 499 72
Tomato 391 133 428 170
Tomato 432 127 490 195
Tomato 426 201 467 245
Tomato 439 237 471 269
Tomato 373 178 394 205
Tomato 390 168 432 215
Tomato 391 206 433 243
Tomato 735 416 761 447
Tomato 306 365 374 453
Tomato 337 363 406 450
Tomato 356 161 386 193
Tomato 335 163 359 194
