Tomato 90 205 127 245
Tomato 67 202 107 251
Tomato 68 172 108 214
Tomato 85 141 129 189
Tomato 194 399 253 456
Tomato 235 403 294 473
Tomato 283 388 352 478
Tomato 301 350 376 438
Tomato 345 427 413 514
Tomato 349 308 416 382
Tomato 443 473 499 532
Tomato 383 439 441 526
Tomato 402 392 467 465
Tomato 406 313 477 411
Tomato 442 385 497 474
Tomato 269 619 366 720
Tomato 338 676 411 720
Tomato 538 597 573 637
Tomato 558 579 592 617
Tomato 577 590 608 630
Tomato 412 6 456 69
Tomato 446 3 502 69
Tomato 450 69 514 135
Tomato 486 108 539 166
Tomato 1203 425 1271 516
Tomato 1176 484 1221 542
Tomato 1216 490 1280 552
Tomato 1230 540 1280 623
Tomato 818 484 866 536
Tomato 844 481 906 558
Tomato 885 495 951 569
Tomato 936 42 996 97
Tomato 597 557 625 596
Tomato 555 539 597 586
Tomato 828 628 879 685
Tomato 864 357 964 445
Tomato 866 80 921 134
Tomato 862 198 894 233
Tomato 836 193 870 233
Tomato 813 444 835 467
Tomato 795 446 816 469
Tomato 784 431 808 455
Tomato 813 409 841 437
Tomato 791 405 821 436
Tomato 800 352 841 398
Tomato 894 228 919 257
Tomato 877 235 902 268
Tomato 889 59 933 103
Tomato 844 409 909 483
