Tomato 644 353 685 395
Tomato 305 310 348 351
Tomato 273 501 323 550
Tomato 183 362 272 477
Tomato 133 382 218 485
Tomato 90 369 167 445
Tomato 120 322 215 411
Tomato 267 297 312 342
Tomato 274 325 313 367
Tomato 196 279 281 368
Tomato 663 344 700 393
Tomato 544 657 571 688
Tomato 558 665 581 692
Tomato 644 218 677 245
Tomato 591 660 613 685
Tomato 559 583 590 619
Tomato 540 555 569 599
Tomato 501 563 540 605
Tomato 619 397 653 432
Tomato 638 394 666 427
Tomato 577 656 601 684
Tomato 483 97 505 125
Tomato 529 129 557 158
Tomato 518 104 549 149
Tomato 507 94 535 122
Tomato 478 83 508 110
Tomato 539 149 563 174
Tomato 955 576 985 604
Tomato 1016 595 1046 623
Tomato 1031 492 1057 520
Tomato 1033 477 1065 509
Tomato 1019 372 1047 403
Tomato 1034 358 1067 391
Tomato 1238 332 1280 389
Tomato 1180 1 1233 50
Tomato 1209 5 1275 63
Tomato 918 398 938 420
Tomato 917 429 935 448
Tomato 910 422 929 443
Tomato 1115 641 1137 669
Tomato 1117 661 1140 687
Tomato 1172 631 1200 661
Tomato 1164 663 1186 686
Tomato 205 304 303 405
