Tomato 252 388 285 416
Tomato 370 0 448 69
Tomato 459 413 486 442
Tomato 440 424 464 452
Tomato 708 355 728 376
Tomato 715 301 730 317
Tomato 722 292 738 306
Tomato 252 129 309 173
Tomato 264 418 290 448
Tomato 81 197 105 221
Tomato 90 185 111 206
Tomato 57 175 81 198
Tomato 498 194 533 229
Tomato 914 513 946 562
Tomato 261 228 285 252
Tomato 250 247 295 286
Tomato 257 424 279 449
Tomato 722 240 739 257
Tomato 701 261 715 275
Tomato 708 254 722 271
Tomato 190 655 222 687
Tomato 970 10 991 33
Tomato 933 108 956 132
Tomato 947 93 974 119
Tomato 953 120 977 146
Tomato 939 116 963 144
Tomato 807 388 832 413
Tomato 952 214 979 244
Tomato 959 255 979 281
Tomato 940 248 964 279
Tomato 1013 345 1043 387
Tomato 419 512 508 597
Tomato 1012 518 1052 568
Tomato 958 547 992 586
Tomato 952 81 975 103
Tomato 211 512 265 579
Tomato 1 483 44 530
Tomato 415 398 464 454
Tomato 388 361 466 430
Tomato 387 299 472 391
Tomato 382 237 495 351
Tomato 450 259 542 365
Tomato 480 521 566 620
Tomato 408 0 489 80
