Tomato 808 82 835 112
Tomato 172 493 269 594
Tomato 808 247 846 289
Tomato 523 161 575 229
Tomato 455 105 524 168
Tomato 492 138 538 199
Tomato 791 83 814 109
Tomato 267 397 363 497
Tomato 207 567 294 653
Tomato 220 602 296 700
Tomato 146 600 211 675
Tomato 241 472 330 566
Tomato 784 104 805 127
Tomato 163 564 241 634
Tomato 815 97 842 128
Tomato 795 99 819 123
Tomato 779 282 806 314
Tomato 785 686 822 719
Tomato 806 677 851 720
Tomato 1162 253 1179 275
Tomato 1145 259 1160 278
Tomato 1151 254 1167 271
Tomato 1064 298 1084 319
Tomato 817 606 838 629
Tomato 804 602 824 622
Tomato 1040 621 1061 646
Tomato 950 517 978 543
Tomato 800 263 837 302
Tomato 771 294 796 319
Tomato 1173 196 1204 233
Tomato 1170 274 1259 368
Tomato 1114 73 1154 105
Tomato 1116 48 1154 83
Tomato 1119 8 1154 40
Tomato 1226 395 1279 461
Tomato 1216 228 1280 324
