Tomato 1191 580 1226 619
Tomato 1160 529 1198 567
Tomato 523 560 623 665
Tomato 1200 499 1238 536
Tomato 891 510 907 529
Tomato 872 500 888 521
Tomato 895 519 910 536
Tomato 884 613 917 646
Tomato 1050 310 1079 342
Tomato 1020 213 1046 240
Tomato 1045 218 1068 243
Tomato 232 175 262 209
Tomato 282 339 311 372
Tomato 661 334 676 351
Tomato 656 325 671 342
Tomato 261 171 285 203
Tomato 271 160 301 196
Tomato 445 518 468 543
Tomato 1034 296 1062 323
Tomato 243 144 265 169
Tomato 1191 325 1232 365
Tomato 1217 274 1258 318
Tomato 82 4 115 38
Tomato 1168 584 1203 619
Tomato 1155 572 1189 612
Tomato 1024 181 1055 211
Tomato 997 66 1023 96
Tomato 1052 331 1082 359
Tomato 1034 324 1066 357
Tomato 596 541 692 648
Tomato 471 663 526 720
Tomato 532 649 598 713
Tomato 646 96 722 161
Tomato 627 132 699 202
Tomato 631 178 685 230
Tomato 585 122 644 168
Tomato 264 295 305 331
Tomato 249 321 292 364
Tomato 215 351 256 391
Tomato 225 329 259 361
Tomato 256 358 291 396
Tomato 296 394 325 424
Tomato 277 379 308 417
Tomato 259 20 303 56
