Tomato 819 0 864 61
Tomato 1133 11 1190 73
Tomato 727 179 796 263
Tomato 174 592 237 657
Tomato 113 553 173 615
Tomato 176 531 249 602
Tomato 133 407 218 506
Tomato 795 571 879 663
Tomato 1082 631 1134 681
Tomato 1149 231 1207 306
Tomato 823 46 859 85
Tomato 147 13 165 30
Tomato 139 12 154 34
Tomato 595 194 618 218
Tomato 615 214 635 234
Tomato 629 201 644 222
Tomato 124 22 146 43
Tomato 0 167 28 207
Tomato 63 0 94 35
Tomato 356 573 387 602
Tomato 182 71 227 130
Tomato 187 54 233 100
Tomato 12 380 46 415
Tomato 7 437 35 466
Tomato 317 454 343 482
Tomato 798 143 846 201
Tomato 592 43 617 68
Tomato 580 38 602 61
Tomato 620 71 639 93
Tomato 617 50 642 73
Tomato 593 213 612 236
Tomato 273 509 335 574
Tomato 595 351 627 382
Tomato 1129 437 1163 478
Tomato 1107 446 1140 489
Tomato 1107 93 1159 139
Tomato 1113 56 1167 107
