Tomato 848 283 895 322
Tomato 832 331 865 364
Tomato 1034 393 1071 435
Tomato 1174 471 1204 502
Tomato 1231 582 1280 657
Tomato 1238 523 1280 607
Tomato 1223 403 1263 445
Tomato 1193 437 1219 461
Tomato 1210 440 1235 465
Tomato 1203 603 1233 638
Tomato 878 264 917 310
Tomato 1029 244 1093 308
Tomato 1014 299 1075 356
Tomato 998 257 1043 302
Tomato 811 338 842 363
Tomato 587 341 650 397
Tomato 167 7 219 50
Tomato 223 0 273 40
Tomato 259 3 298 49
Tomato 61 141 155 246
Tomato 75 194 129 238
Tomato 62 271 146 371
Tomato 67 327 127 404
Tomato 102 354 161 421
Tomato 124 313 194 390
Tomato 141 262 214 347
Tomato 134 182 237 310
Tomato 540 278 604 338
Tomato 546 335 612 397
