Tomato 41 636 98 710
Tomato 614 493 686 568
Tomato 478 424 562 534
Tomato 513 406 603 505
Tomato 714 654 800 720
Tomato 395 568 443 617
Tomato 816 634 924 720
Tomato 31 583 92 655
Tomato 102 362 125 389
Tomato 108 374 138 410
Tomato 118 394 144 427
Tomato 134 386 163 428
Tomato 41 414 76 453
Tomato 151 305 173 330
Tomato 135 291 162 318
Tomato 107 275 127 300
Tomato 93 283 116 306
Tomato 1199 275 1221 305
Tomato 1195 316 1212 338
Tomato 1203 313 1222 332
Tomato 1183 284 1206 308
Tomato 733 295 824 391
Tomato 783 259 882 383
Tomato 808 189 920 339
Tomato 442 91 529 191
Tomato 575 246 624 302
Tomato 707 244 786 358
