Tomato 341 0 382 41
Tomato 44 397 93 458
Tomato 72 204 117 261
Tomato 111 107 169 160
Tomato 306 619 347 665
Tomato 289 599 336 647
Tomato 324 536 366 585
Tomato 275 508 318 556
Tomato 240 506 298 585
Tomato 201 506 259 584
Tomato 180 560 204 588
Tomato 195 560 221 594
Tomato 99 524 130 558
Tomato 116 489 151 528
Tomato 28 189 47 211
Tomato 39 185 60 211
Tomato 249 231 286 276
Tomato 266 218 325 287
Tomato 291 158 351 226
Tomato 326 129 368 185
Tomato 353 148 393 190
Tomato 355 166 390 212
Tomato 681 370 749 464
Tomato 730 363 811 462
Tomato 708 343 762 401
Tomato 716 261 749 297
Tomato 742 255 777 299
Tomato 716 199 763 242
Tomato 747 197 794 247
Tomato 724 164 771 214
Tomato 726 126 765 162
Tomato 768 125 827 193
Tomato 724 21 761 56
Tomato 748 49 781 86
Tomato 766 28 803 66
Tomato 735 0 787 30
Tomato 747 4 788 45
Tomato 924 189 945 213
Tomato 928 176 950 200
Tomato 939 170 964 196
Tomato 911 419 934 449
Tomato 926 419 951 448
Tomato 935 402 957 431
Tomato 1104 158 1132 187
Tomato 1119 161 1145 191
Tomato 1242 387 1277 428
Tomato 1119 578 1159 629
Tomato 1248 486 1277 516
Tomato 980 65 1006 95
Tomato 967 58 989 83
Tomato 994 71 1013 93
Tomato 1073 432 1093 457
Tomato 50 296 76 322
Tomato 101 206 137 249
Tomato 92 133 135 177
