Tomato 644 655 661 680
Tomato 441 0 526 51
Tomato 456 24 524 102
Tomato 49 115 88 158
Tomato 42 152 72 184
Tomato 311 351 372 406
Tomato 358 382 433 442
Tomato 402 162 446 208
Tomato 419 180 466 224
Tomato 434 200 475 242
Tomato 897 45 964 104
Tomato 881 95 940 153
Tomato 878 158 923 201
Tomato 995 307 1073 381
Tomato 1066 362 1166 473
Tomato 630 644 657 681
Tomato 661 657 676 675
Tomato 615 550 641 581
Tomato 597 490 614 514
Tomato 624 468 640 490
Tomato 630 483 646 499
Tomato 637 462 656 487
Tomato 639 446 660 469
Tomato 652 434 684 474
Tomato 674 174 713 224
Tomato 662 199 688 228
Tomato 679 215 711 253
Tomato 83 93 119 140
Tomato 936 95 984 147
Tomato 983 10 1044 72
Tomato 960 37 1016 107
Tomato 387 332 427 386
Tomato 679 64 699 84
Tomato 712 60 730 80
Tomato 686 30 717 65
Tomato 691 70 714 97
Tomato 711 43 737 70
Tomato 854 340 880 369
Tomato 125 596 198 669
Tomato 972 268 1007 307
Tomato 1074 446 1142 517
