Tomato 606 258 667 318
Tomato 779 653 865 720
Tomato 874 634 999 720
Tomato 1209 274 1230 299
Tomato 1203 311 1223 333
Tomato 1212 306 1237 330
Tomato 1193 283 1212 301
Tomato 677 505 736 572
Tomato 533 427 612 549
Tomato 573 422 655 521
Tomato 775 305 865 406
Tomato 834 276 933 392
Tomato 853 204 961 350
Tomato 86 667 152 720
Tomato 71 604 139 680
Tomato 75 434 111 476
Tomato 140 417 167 451
Tomato 157 411 186 448
Tomato 151 388 179 417
Tomato 127 397 161 432
Tomato 153 313 180 339
Tomato 168 326 192 350
Tomato 121 301 145 320
Tomato 107 301 134 328
Tomato 124 387 151 410
Tomato 475 96 578 216
Tomato 749 258 827 352
Tomato 7 0 81 62
