Tomato 890 526 962 608
Tomato 644 79 678 119
Tomato 623 92 653 124
Tomato 635 108 669 140
Tomato 634 133 662 167
Tomato 671 129 694 154
Tomato 649 143 677 171
Tomato 1079 0 1133 43
Tomato 1052 0 1103 49
Tomato 1000 0 1054 50
Tomato 921 574 1011 656
Tomato 909 361 971 426
Tomato 818 373 869 422
Tomato 905 311 991 390
Tomato 961 244 1046 321
Tomato 891 657 952 709
Tomato 855 597 918 670
Tomato 632 237 679 279
Tomato 601 249 656 302
Tomato 561 269 625 324
Tomato 559 208 619 272
Tomato 522 214 578 261
Tomato 105 305 163 356
Tomato 58 297 118 354
Tomato 66 244 135 298
