Tomato 748 458 816 537
Tomato 484 442 542 513
Tomato 231 671 329 720
Tomato 426 482 454 515
Tomato 288 344 353 423
Tomato 290 185 317 215
Tomato 1049 285 1145 399
Tomato 1026 404 1096 474
Tomato 1056 385 1121 457
Tomato 959 338 1033 430
Tomato 887 453 921 491
Tomato 1252 105 1276 130
Tomato 1148 176 1188 213
Tomato 986 0 1037 47
Tomato 1020 2 1063 46
Tomato 1012 26 1066 92
Tomato 1172 302 1212 345
Tomato 1228 448 1263 482
Tomato 1223 429 1259 466
Tomato 1205 457 1234 485
Tomato 1205 432 1234 464
Tomato 1212 566 1254 610
Tomato 1228 588 1266 628
Tomato 1249 594 1280 644
Tomato 919 468 951 500
Tomato 940 601 1037 691
Tomato 249 292 340 412
Tomato 299 0 373 86
Tomato 314 53 374 125
Tomato 271 42 334 113
Tomato 639 229 712 319
Tomato 563 250 634 346
Tomato 524 313 596 386
Tomato 525 385 597 461
Tomato 314 628 339 660
Tomato 301 618 330 651
Tomato 515 445 574 512
