Tomato 525 493 562 530
Tomato 458 511 495 553
Tomato 483 511 520 547
Tomato 505 518 543 553
Tomato 325 462 360 509
Tomato 179 406 214 441
Tomato 368 400 406 445
Tomato 169 300 201 333
Tomato 189 313 212 336
Tomato 200 301 234 333
Tomato 358 451 384 483
Tomato 323 406 363 449
Tomato 206 631 241 664
Tomato 366 285 391 316
Tomato 359 272 386 297
Tomato 352 257 380 282
Tomato 354 242 384 266
Tomato 330 584 359 622
Tomato 408 111 432 135
Tomato 423 114 445 139
Tomato 920 658 985 720
Tomato 525 278 557 308
Tomato 531 302 561 328
Tomato 556 271 588 306
Tomato 568 257 599 291
Tomato 586 242 617 281
Tomato 608 254 644 293
Tomato 638 276 668 308
Tomato 381 93 407 115
Tomato 807 339 849 388
Tomato 1197 169 1223 203
Tomato 354 687 389 720
Tomato 998 237 1038 284
Tomato 960 224 1012 273
Tomato 943 231 998 295
Tomato 822 294 878 344
Tomato 840 471 870 503
Tomato 859 113 900 150
Tomato 380 239 404 268
Tomato 489 477 525 509
Tomato 1158 217 1184 242
Tomato 888 327 939 380
Tomato 476 542 513 572
Tomato 385 287 407 310
