Tomato 563 155 600 191
Tomato 336 79 378 129
Tomato 772 176 838 256
Tomato 579 58 649 124
Tomato 606 102 651 147
Tomato 558 106 611 159
Tomato 828 75 895 159
Tomato 801 134 880 219
Tomato 822 207 892 267
Tomato 567 326 657 447
Tomato 615 295 696 394
Tomato 669 362 729 438
Tomato 627 392 702 471
Tomato 543 511 616 588
Tomato 97 47 140 93
Tomato 212 76 253 125
Tomato 50 262 149 352
Tomato 0 303 70 401
Tomato 0 569 61 637
Tomato 26 520 97 592
Tomato 77 329 152 397
Tomato 0 404 52 497
Tomato 300 404 332 436
Tomato 306 428 334 456
Tomato 336 431 362 460
Tomato 330 451 358 481
Tomato 92 413 193 502
Tomato 454 417 498 469
Tomato 516 0 591 73
Tomato 1155 676 1199 720
Tomato 1142 447 1192 498
Tomato 1166 469 1206 514
Tomato 1189 492 1229 538
Tomato 1248 634 1280 680
Tomato 1225 541 1251 568
Tomato 1217 515 1240 544
Tomato 1248 413 1271 436
Tomato 1241 547 1264 575
Tomato 1249 546 1280 574
