Tomato 40 391 71 431
Tomato 65 404 103 441
Tomato 41 419 70 447
Tomato 487 372 508 398
Tomato 483 390 507 413
Tomato 643 573 726 664
Tomato 582 469 681 577
Tomato 654 453 729 558
Tomato 624 261 685 324
Tomato 590 222 664 298
Tomato 622 127 684 210
Tomato 289 57 354 122
Tomato 662 119 728 188
Tomato 707 166 756 224
Tomato 861 392 900 430
Tomato 1154 470 1199 525
Tomato 1121 443 1177 506
Tomato 1090 383 1152 462
Tomato 1115 412 1170 460
Tomato 1167 432 1221 491
Tomato 1148 398 1209 468
Tomato 1078 218 1116 259
Tomato 1104 205 1146 258
Tomato 1136 224 1173 265
Tomato 1158 204 1198 259
Tomato 1150 128 1212 195
Tomato 1087 164 1134 224
Tomato 1126 189 1172 239
Tomato 39 322 61 343
Tomato 31 297 49 319
Tomato 26 277 58 309
Tomato 27 314 50 342
Tomato 45 306 70 332
Tomato 433 27 464 68
Tomato 347 26 395 73
Tomato 859 420 884 445
Tomato 857 437 885 460
Tomato 901 74 923 102
