Tomato 1086 346 1104 366
Tomato 906 20 937 55
Tomato 1113 215 1142 242
Tomato 1118 192 1158 226
Tomato 1146 183 1179 218
Tomato 1135 166 1159 190
Tomato 1116 63 1145 94
Tomato 1129 44 1160 80
Tomato 1192 384 1220 411
Tomato 1181 375 1205 400
Tomato 1206 358 1242 406
Tomato 593 289 662 359
Tomato 591 22 668 107
Tomato 527 35 619 124
Tomato 543 135 617 212
Tomato 501 96 569 163
Tomato 510 472 545 514
Tomato 497 449 533 488
Tomato 593 592 672 675
Tomato 371 127 451 212
Tomato 435 289 486 341
Tomato 394 239 465 318
Tomato 34 611 72 657
Tomato 3 602 42 649
Tomato 22 268 72 345
Tomato 0 277 37 354
Tomato 0 318 27 367
Tomato 0 358 35 396
Tomato 33 342 69 383
Tomato 80 0 115 46
Tomato 63 29 112 75
Tomato 53 0 90 37
Tomato 194 84 213 106
Tomato 1208 324 1235 349
Tomato 930 3 959 27
Tomato 1127 229 1152 254
