Tomato 638 0 716 56
Tomato 167 371 268 471
Tomato 182 446 271 527
Tomato 486 468 544 531
Tomato 573 343 659 443
Tomato 580 430 691 557
Tomato 643 410 765 549
Tomato 733 566 811 663
Tomato 777 529 879 667
Tomato 1182 313 1280 471
Tomato 1124 250 1250 365
Tomato 1127 181 1202 267
Tomato 356 72 390 107
Tomato 306 201 353 253
Tomato 179 187 225 237
Tomato 217 183 262 222
Tomato 741 0 812 79
Tomato 692 12 774 103
Tomato 1202 161 1277 243
Tomato 1142 128 1221 223
Tomato 1152 311 1244 401
Tomato 666 63 723 128
