Tomato 150 255 222 342
Tomato 364 0 421 48
Tomato 381 44 431 92
Tomato 681 0 746 39
Tomato 949 248 984 279
Tomato 972 291 1001 317
Tomato 380 82 430 113
Tomato 934 285 965 317
Tomato 735 2 805 63
Tomato 780 14 837 88
Tomato 801 62 856 128
Tomato 1022 396 1061 432
Tomato 997 370 1036 420
Tomato 1042 468 1072 499
Tomato 989 616 1034 666
Tomato 995 653 1040 694
Tomato 1005 688 1045 720
Tomato 1078 671 1115 716
Tomato 312 631 344 664
Tomato 576 90 599 110
Tomato 600 89 620 108
Tomato 710 450 729 473
Tomato 705 434 726 453
