Tomato 16 205 60 248
Tomato 17 158 64 209
Tomato 987 637 1012 663
Tomato 369 196 418 244
Tomato 468 231 512 284
Tomato 493 245 539 289
Tomato 732 369 779 412
Tomato 775 332 827 383
Tomato 758 358 801 402
Tomato 778 243 839 308
Tomato 783 0 828 40
Tomato 761 21 807 75
Tomato 814 5 863 52
Tomato 835 540 918 629
Tomato 768 507 841 590
Tomato 872 649 937 720
Tomato 801 639 865 710
Tomato 752 608 816 681
Tomato 651 458 677 485
Tomato 641 436 670 467
Tomato 664 424 694 464
Tomato 433 491 496 552
Tomato 401 503 447 560
Tomato 393 442 454 499
Tomato 424 419 478 481
Tomato 136 107 200 178
Tomato 126 136 180 208
Tomato 89 152 143 201
Tomato 72 121 127 187
Tomato 42 115 87 167
