Tomato 268 412 324 466
Tomato 41 41 83 90
Tomato 73 191 122 241
Tomato 32 520 105 586
Tomato 273 468 320 521
Tomato 250 442 308 499
Tomato 316 407 379 477
Tomato 359 382 405 429
Tomato 290 389 361 449
Tomato 285 228 334 275
Tomato 309 244 358 279
Tomato 337 220 384 271
Tomato 367 140 439 211
Tomato 655 588 676 612
Tomato 665 580 690 604
Tomato 644 566 674 598
Tomato 462 607 505 649
Tomato 855 573 941 683
Tomato 913 589 986 693
Tomato 293 435 351 492
Tomato 932 660 1017 720
Tomato 755 121 781 153
Tomato 985 438 1026 495
Tomato 957 451 995 488
Tomato 1232 296 1263 339
Tomato 911 157 960 209
Tomato 921 149 986 252
Tomato 953 167 1015 254
Tomato 972 164 1019 234
Tomato 977 183 1036 275
Tomato 1019 221 1071 276
Tomato 987 261 1014 297
Tomato 1000 253 1026 280
Tomato 1011 251 1047 303
Tomato 513 236 546 267
Tomato 80 448 130 503
Tomato 33 82 62 111
Tomato 50 87 78 120
Tomato 43 417 91 471
Tomato 990 414 1048 465
