Tomato 10 556 87 645
Tomato 54 517 129 597
Tomato 330 414 420 494
Tomato 27 31 102 132
Tomato 0 71 46 140
Tomato 203 221 221 242
Tomato 215 216 234 238
Tomato 424 149 453 181
Tomato 431 129 464 164
Tomato 453 115 485 152
Tomato 159 568 192 604
Tomato 179 560 218 597
Tomato 218 539 254 580
Tomato 190 649 218 682
Tomato 1123 0 1168 39
Tomato 1051 4 1098 63
Tomato 1096 5 1141 56
Tomato 1101 36 1151 81
Tomato 1105 70 1149 115
Tomato 1185 289 1271 397
Tomato 1228 346 1280 429
Tomato 857 640 891 679
Tomato 858 410 899 455
Tomato 852 439 882 474
Tomato 866 576 908 623
