Tomato 121 264 211 357
Tomato 165 219 239 303
Tomato 267 239 306 285
Tomato 15 200 47 238
Tomato 1 218 30 250
Tomato 182 62 224 99
Tomato 618 445 637 464
Tomato 767 587 878 715
Tomato 950 447 987 496
Tomato 1056 95 1079 120
Tomato 868 152 897 177
Tomato 1116 136 1160 193
Tomato 1177 146 1216 182
Tomato 1141 169 1180 214
Tomato 1156 203 1199 248
Tomato 1185 209 1217 250
Tomato 787 179 866 253
Tomato 1078 84 1102 113
Tomato 745 177 815 249
Tomato 822 235 889 319
Tomato 831 297 885 347
Tomato 9 432 45 466
