Tomato 662 238 682 259
Tomato 535 156 558 177
Tomato 521 169 547 196
Tomato 1025 342 1077 395
Tomato 1000 360 1028 397
Tomato 521 226 561 265
Tomato 1079 604 1190 720
Tomato 1008 574 1115 690
Tomato 1086 524 1198 653
Tomato 935 585 1046 705
Tomato 738 604 790 655
Tomato 697 600 746 638
Tomato 713 145 752 198
Tomato 700 152 729 188
Tomato 692 178 714 206
Tomato 700 320 745 369
Tomato 711 372 747 410
Tomato 677 367 711 404
Tomato 685 385 716 423
Tomato 662 383 691 418
Tomato 686 415 712 440
Tomato 634 565 666 592
Tomato 709 7 730 30
Tomato 713 30 731 51
Tomato 700 23 718 45
Tomato 689 36 717 65
Tomato 728 17 749 43
Tomato 1061 79 1128 163
Tomato 697 427 721 452
Tomato 122 127 193 191
Tomato 320 457 355 496
Tomato 146 50 216 113
Tomato 100 0 180 75
Tomato 83 280 152 347
Tomato 75 439 141 503
Tomato 1042 79 1111 161
Tomato 1094 102 1154 173
Tomato 1123 114 1168 177
Tomato 1103 120 1215 230
Tomato 1177 212 1255 291
Tomato 1120 190 1208 283
Tomato 1113 400 1144 432
Tomato 1060 347 1117 412
