Tomato 108 59 127 82
Tomato 95 57 114 82
Tomato 625 296 638 312
Tomato 625 286 642 303
Tomato 632 305 646 322
Tomato 764 237 797 273
Tomato 276 68 311 107
Tomato 27 67 88 129
Tomato 0 52 56 123
Tomato 74 133 122 188
Tomato 5 372 40 407
Tomato 4 355 33 387
Tomato 274 338 314 383
Tomato 41 444 90 502
Tomato 14 411 71 486
Tomato 81 505 119 550
Tomato 66 519 103 559
Tomato 930 103 954 130
Tomato 756 277 785 313
Tomato 942 169 962 191
Tomato 1048 23 1116 110
Tomato 1088 1 1150 85
Tomato 1030 0 1096 45
Tomato 923 177 945 200
Tomato 966 1 1034 68
Tomato 782 194 818 243
Tomato 1153 519 1231 619
Tomato 1130 546 1199 636
Tomato 1049 394 1155 523
Tomato 980 417 1087 533
Tomato 974 335 1060 432
Tomato 928 629 1043 720
Tomato 682 456 736 521
Tomato 480 440 557 517
Tomato 471 370 566 466
Tomato 40 106 92 158
