Tomato 1165 0 1242 50
Tomato 291 101 398 220
Tomato 357 29 452 168
Tomato 386 0 507 171
Tomato 291 0 420 138
Tomato 0 213 64 282
Tomato 485 550 511 579
Tomato 518 514 541 541
Tomato 535 500 554 526
Tomato 861 554 904 609
Tomato 879 591 922 637
Tomato 886 622 927 664
Tomato 357 640 393 672
Tomato 745 45 767 74
Tomato 696 193 716 214
Tomato 709 180 738 221
Tomato 696 216 719 240
Tomato 881 86 911 124
Tomato 831 215 858 245
Tomato 841 233 868 259
Tomato 868 231 888 257
Tomato 864 215 889 240
Tomato 678 351 694 369
Tomato 664 540 686 566
Tomato 704 498 735 530
Tomato 703 549 733 577
Tomato 72 644 206 720
Tomato 910 372 943 407
Tomato 893 351 927 389
Tomato 933 449 955 472
Tomato 1102 30 1153 77
Tomato 1025 57 1072 98
Tomato 874 359 912 397
Tomato 884 394 915 428
Tomato 36 537 97 605
Tomato 77 505 155 615
Tomato 33 0 97 65
Tomato 73 10 133 71
Tomato 330 318 359 347
Tomato 345 296 375 328
Tomato 128 560 279 720
Tomato 236 21 351 154
Tomato 860 200 889 227
Tomato 718 351 755 392
Tomato 397 620 434 660
Tomato 1047 15 1108 79
Tomato 756 64 779 86
