Tomato 989 306 1043 372
Tomato 971 348 1014 406
Tomato 15 482 58 525
Tomato 945 292 1012 368
Tomato 933 335 986 392
Tomato 206 292 224 309
Tomato 274 280 298 304
Tomato 1030 478 1053 506
Tomato 371 431 451 527
Tomato 385 363 474 431
Tomato 869 248 893 274
Tomato 885 239 913 270
Tomato 742 423 760 444
Tomato 847 239 882 276
Tomato 833 255 870 288
Tomato 845 127 871 156
Tomato 859 121 882 149
Tomato 355 170 499 264
Tomato 270 424 309 465
Tomato 238 170 258 188
Tomato 248 166 268 187
Tomato 263 171 287 193
Tomato 242 281 266 303
Tomato 259 276 282 301
Tomato 35 668 74 712
Tomato 18 481 58 529
Tomato 9 461 47 499
Tomato 18 438 63 486
Tomato 310 355 389 424
Tomato 116 182 138 209
Tomato 207 279 223 297
