Tomato 704 520 779 583
Tomato 753 494 825 571
Tomato 488 503 526 530
Tomato 238 656 316 720
Tomato 652 297 700 349
Tomato 658 256 720 320
Tomato 304 136 344 183
Tomato 655 183 746 266
Tomato 720 229 785 297
Tomato 1235 124 1279 172
Tomato 1114 19 1176 76
Tomato 36 185 71 215
Tomato 126 588 153 613
Tomato 561 193 593 238
Tomato 1053 66 1096 111
Tomato 1079 30 1129 78
Tomato 1116 97 1168 142
Tomato 1126 70 1178 111
Tomato 1160 47 1209 100
Tomato 1180 67 1234 132
Tomato 1221 82 1265 142
Tomato 0 127 35 174
Tomato 19 155 52 191
Tomato 99 556 130 582
Tomato 333 175 367 213
Tomato 347 151 390 196
Tomato 337 110 387 172
Tomato 0 330 28 372
Tomato 11 349 39 382
Tomato 1190 284 1257 370
Tomato 1147 343 1221 432
Tomato 707 284 779 355
Tomato 727 165 805 251
Tomato 1152 277 1194 317
Tomato 795 640 855 700
Tomato 777 588 846 670
Tomato 746 543 821 627
