Tomato 666 272 758 379
Tomato 708 294 783 410
Tomato 757 337 814 410
Tomato 751 379 813 442
Tomato 707 366 774 432
Tomato 1049 687 1083 720
Tomato 1156 47 1228 122
Tomato 1110 15 1181 90
Tomato 1058 252 1092 284
Tomato 848 61 881 100
Tomato 848 119 880 147
Tomato 674 33 726 84
Tomato 711 18 762 68
Tomato 739 0 803 49
Tomato 770 12 820 63
Tomato 431 203 473 240
Tomato 420 248 447 273
Tomato 160 393 196 436
Tomato 174 604 211 650
Tomato 277 460 298 483
Tomato 285 447 308 472
Tomato 1046 656 1081 697
Tomato 1143 90 1204 157
Tomato 1057 636 1096 672
Tomato 1097 546 1123 571
Tomato 889 598 922 632
Tomato 16 25 71 75
Tomato 29 252 82 303
Tomato 3 459 48 504
Tomato 28 461 69 506
Tomato 665 354 696 384
Tomato 653 387 681 414
Tomato 716 456 757 495
Tomato 711 477 744 514
Tomato 730 485 763 519
Tomato 756 491 786 520
Tomato 96 360 143 403
Tomato 75 328 128 373
Tomato 63 277 126 348
Tomato 158 231 192 267
Tomato 187 348 212 379
Tomato 385 465 412 492
Tomato 1066 434 1095 467
Tomato 1055 427 1080 469
Tomato 876 452 902 479
Tomato 399 303 429 336
Tomato 413 316 453 352
Tomato 875 621 911 661
Tomato 1121 135 1172 190
Tomato 1083 114 1138 180
Tomato 1105 73 1174 150
