Tomato 1027 564 1059 597
Tomato 1054 573 1090 613
Tomato 1065 536 1128 608
Tomato 1102 516 1164 601
Tomato 1149 511 1204 599
Tomato 1204 597 1239 638
Tomato 1225 608 1262 654
Tomato 1227 646 1254 677
Tomato 1243 631 1271 664
Tomato 1228 531 1262 569
Tomato 1203 511 1238 548
Tomato 1102 337 1136 368
Tomato 1003 223 1049 270
Tomato 1028 227 1081 283
Tomato 1051 214 1111 289
Tomato 1090 150 1151 219
Tomato 1132 129 1169 178
Tomato 1132 170 1168 216
Tomato 1150 168 1186 210
Tomato 1037 0 1082 28
Tomato 1252 186 1271 207
Tomato 1259 181 1279 202
Tomato 1248 200 1270 218
Tomato 385 667 456 720
Tomato 427 640 505 718
Tomato 383 630 450 703
Tomato 441 547 475 586
Tomato 554 591 574 617
Tomato 383 584 437 647
Tomato 554 560 581 586
Tomato 544 600 563 622
Tomato 560 602 582 629
Tomato 457 510 495 552
Tomato 742 175 792 234
Tomato 778 178 817 226
Tomato 794 150 836 194
Tomato 737 135 774 176
Tomato 782 75 832 121
Tomato 743 93 790 145
Tomato 689 595 739 664
Tomato 146 665 171 689
Tomato 140 653 163 676
Tomato 149 627 176 654
Tomato 132 633 153 658
Tomato 166 604 198 636
Tomato 25 548 50 577
Tomato 108 426 139 458
Tomato 81 430 107 460
Tomato 103 417 127 443
Tomato 248 58 286 95
Tomato 273 57 313 112
Tomato 299 79 341 127
Tomato 304 38 343 87
Tomato 389 199 469 288
Tomato 46 397 66 422
Tomato 77 413 96 438
Tomato 184 32 204 58
Tomato 197 35 218 58
Tomato 203 48 222 73
Tomato 459 315 515 374
Tomato 456 362 503 411
Tomato 81 116 104 140
Tomato 567 379 586 398
Tomato 579 370 598 389
Tomato 684 351 702 369
Tomato 212 162 231 182
Tomato 556 15 574 37
Tomato 558 31 575 48
Tomato 551 31 565 46
Tomato 544 118 564 148
