Tomato 787 7 807 30
Tomato 796 20 815 48
Tomato 754 15 776 37
Tomato 693 501 720 535
Tomato 673 423 698 448
Tomato 686 434 708 460
Tomato 571 399 596 425
Tomato 587 411 608 435
Tomato 596 422 616 445
Tomato 682 304 698 323
Tomato 666 312 681 331
Tomato 675 313 690 331
Tomato 519 159 583 234
Tomato 575 193 604 227
Tomato 547 262 601 319
Tomato 1141 451 1170 484
Tomato 104 345 147 396
Tomato 89 458 145 521
Tomato 362 616 418 670
Tomato 397 561 445 617
Tomato 396 518 470 612
Tomato 319 471 375 529
Tomato 324 411 404 503
Tomato 357 484 429 546
Tomato 409 456 490 540
Tomato 576 580 609 611
Tomato 888 459 974 553
Tomato 923 523 983 585
Tomato 925 629 982 688
Tomato 952 661 1003 711
Tomato 924 243 996 329
Tomato 963 283 1021 349
Tomato 1121 436 1157 473
Tomato 96 103 146 154
Tomato 1159 443 1188 486
Tomato 1119 633 1151 668
Tomato 1119 661 1151 691
Tomato 1115 697 1141 720
Tomato 1091 691 1120 719
Tomato 1083 669 1115 701
Tomato 348 540 416 620
Tomato 132 61 188 109
Tomato 599 584 636 623
Tomato 1084 649 1115 677
Tomato 1174 467 1206 498
Tomato 953 127 975 153
Tomato 968 131 992 156
Tomato 979 145 1000 171
Tomato 987 160 1008 184
Tomato 999 159 1018 183
Tomato 774 2 793 23
