Tomato 1109 392 1141 427
Tomato 106 442 149 490
Tomato 135 518 156 543
Tomato 138 548 155 572
Tomato 518 572 558 611
Tomato 159 548 177 569
Tomato 227 213 279 268
Tomato 192 231 238 281
Tomato 215 182 267 238
Tomato 181 253 212 287
Tomato 810 236 875 313
Tomato 838 276 882 327
Tomato 812 298 855 340
Tomato 787 237 834 309
Tomato 784 51 813 84
Tomato 806 52 837 88
Tomato 807 23 843 61
Tomato 757 0 802 46
Tomato 542 130 560 149
Tomato 37 62 56 84
Tomato 1125 414 1150 439
Tomato 1136 403 1162 430
Tomato 1097 375 1136 414
Tomato 1087 349 1124 392
Tomato 1101 336 1142 383
Tomato 1107 549 1156 597
Tomato 1111 517 1163 562
Tomato 1213 112 1243 139
Tomato 1022 85 1056 112
Tomato 1229 211 1261 241
Tomato 1061 202 1099 235
Tomato 1083 192 1107 218
Tomato 1092 200 1117 225
Tomato 555 140 573 160
Tomato 1035 645 1060 669
Tomato 650 428 722 513
Tomato 536 607 560 634
Tomato 494 583 532 624
Tomato 129 540 150 562
Tomato 205 465 260 520
Tomato 226 502 265 540
Tomato 283 450 318 485
Tomato 179 271 224 313
Tomato 152 388 184 417
