Tomato 281 37 311 70
Tomato 288 313 341 363
Tomato 268 274 323 321
Tomato 0 320 38 364
Tomato 5 361 42 401
Tomato 499 313 541 350
Tomato 512 290 554 333
Tomato 535 273 573 314
Tomato 618 259 700 341
Tomato 583 156 611 186
Tomato 572 173 598 199
Tomato 837 456 876 507
Tomato 1005 400 1048 447
Tomato 858 477 891 514
Tomato 1009 123 1032 150
Tomato 1023 131 1045 154
Tomato 1030 114 1058 146
Tomato 993 440 1020 469
Tomato 1221 78 1279 143
Tomato 1235 122 1280 175
Tomato 890 526 924 560
Tomato 218 656 293 720
Tomato 609 501 657 557
Tomato 1010 596 1057 649
Tomato 982 620 1027 664
Tomato 826 0 869 40
