Tomato 336 229 390 300
Tomato 298 242 353 315
Tomato 272 213 324 271
Tomato 11 679 62 720
Tomato 706 30 775 111
Tomato 1097 248 1125 275
Tomato 25 605 64 644
Tomato 0 649 34 694
Tomato 2 602 32 639
Tomato 659 298 691 335
Tomato 628 294 657 338
Tomato 360 503 395 542
Tomato 1124 255 1158 295
Tomato 1069 486 1113 527
Tomato 763 41 851 162
Tomato 727 75 824 211
Tomato 680 71 740 137
Tomato 649 133 735 215
Tomato 637 180 719 270
Tomato 711 204 790 291
Tomato 840 410 890 458
Tomato 142 359 175 393
Tomato 556 694 600 720
Tomato 536 682 569 713
Tomato 673 627 804 720
Tomato 617 447 766 635
Tomato 508 519 651 695
Tomato 270 553 338 633
Tomato 298 585 372 680
Tomato 237 635 298 705
Tomato 272 671 322 720
Tomato 0 360 49 408
Tomato 367 269 410 323
