Tomato 587 197 608 215
Tomato 1069 574 1132 654
Tomato 1018 432 1061 471
Tomato 1057 423 1092 462
Tomato 1111 291 1148 329
Tomato 1104 249 1150 307
Tomato 1057 263 1118 323
Tomato 1053 226 1107 281
Tomato 193 219 238 268
Tomato 284 252 341 304
Tomato 255 213 303 272
Tomato 258 144 320 212
Tomato 207 120 265 175
Tomato 1136 594 1197 668
Tomato 1128 649 1185 715
Tomato 1165 679 1213 720
Tomato 1246 414 1280 455
Tomato 1212 253 1242 288
Tomato 1237 261 1264 301
Tomato 1252 276 1276 304
Tomato 1037 106 1068 136
Tomato 702 673 743 720
Tomato 1063 648 1116 703
