Tomato 534 173 600 287
Tomato 486 154 556 257
Tomato 481 166 527 230
Tomato 443 157 492 213
Tomato 295 397 327 430
Tomato 0 423 34 471
Tomato 83 376 124 420
Tomato 40 400 102 462
Tomato 19 423 69 472
Tomato 3 451 40 495
Tomato 1052 151 1072 173
Tomato 1059 138 1077 160
Tomato 92 162 155 225
Tomato 1051 685 1099 720
Tomato 1061 342 1117 421
Tomato 1062 15 1103 63
Tomato 1034 80 1064 118
Tomato 1074 74 1107 105
Tomato 977 514 1055 612
Tomato 1010 605 1066 683
Tomato 1039 658 1085 711
Tomato 809 417 835 457
Tomato 452 658 551 720
Tomato 460 585 541 688
Tomato 390 571 479 670
Tomato 977 235 1057 345
Tomato 1242 568 1280 610
Tomato 1216 539 1264 596
Tomato 195 214 227 246
Tomato 589 539 616 569
Tomato 622 471 662 518
Tomato 34 238 70 279
Tomato 594 189 640 248
Tomato 597 231 641 287
Tomato 558 215 616 277
