Tomato 216 295 251 334
Tomato 764 465 788 492
Tomato 361 608 388 634
Tomato 904 218 937 248
Tomato 918 301 952 333
Tomato 1004 239 1067 300
Tomato 966 223 992 249
Tomato 914 186 941 212
Tomato 701 593 725 621
Tomato 594 498 629 539
Tomato 222 331 256 367
Tomato 1021 409 1037 428
Tomato 371 590 395 630
Tomato 569 236 595 271
Tomato 445 517 462 536
Tomato 1004 399 1022 418
Tomato 71 63 89 84
Tomato 56 61 76 85
Tomato 51 80 71 102
Tomato 33 89 52 107
Tomato 24 97 43 117
Tomato 534 257 558 283
Tomato 567 388 597 415
Tomato 555 410 589 448
Tomato 429 511 451 531
Tomato 433 493 452 514
Tomato 424 477 449 504
Tomato 583 80 618 118
Tomato 570 86 600 124
Tomato 244 134 304 190
Tomato 213 201 256 252
Tomato 198 350 230 388
Tomato 215 368 244 400
Tomato 232 385 260 415
Tomato 941 342 969 374
Tomato 917 329 951 368
Tomato 987 270 1059 337
Tomato 1029 284 1093 340
Tomato 1036 236 1103 297
Tomato 1055 190 1117 243
Tomato 1073 134 1126 176
Tomato 159 485 253 581
Tomato 1060 163 1103 203
Tomato 661 645 683 664
Tomato 738 595 757 617
Tomato 237 213 289 271
Tomato 932 216 957 244
Tomato 113 500 186 578
Tomato 716 615 740 638
Tomato 722 593 746 617
Tomato 776 498 803 525
Tomato 1034 552 1120 621
Tomato 1047 494 1136 583
Tomato 932 39 958 74
Tomato 899 44 929 73
Tomato 895 65 926 95
Tomato 568 214 595 243
Tomato 552 222 589 253
Tomato 539 227 571 264
