Tomato 98 453 171 538
Tomato 70 413 121 475
Tomato 33 413 92 477
Tomato 114 382 178 464
Tomato 127 404 172 460
Tomato 46 354 114 428
Tomato 51 295 119 372
Tomato 128 319 188 389
Tomato 88 229 127 268
Tomato 100 200 147 254
Tomato 144 190 192 255
Tomato 94 154 144 213
Tomato 105 105 173 181
Tomato 157 153 218 210
Tomato 1108 48 1159 102
Tomato 835 616 858 646
Tomato 1078 78 1130 130
Tomato 670 468 704 505
Tomato 540 350 566 374
Tomato 534 473 555 495
Tomato 381 419 417 464
Tomato 345 318 374 356
Tomato 367 329 393 355
Tomato 371 312 397 343
Tomato 344 408 389 452
Tomato 458 563 541 668
Tomato 456 157 533 245
Tomato 486 205 563 290
Tomato 505 242 578 313
Tomato 543 294 594 348
Tomato 580 298 620 339
Tomato 534 193 590 261
Tomato 561 223 619 285
Tomato 279 96 301 120
Tomato 686 445 724 493
Tomato 721 251 751 281
Tomato 741 232 775 273
Tomato 768 259 793 287
Tomato 782 241 810 272
Tomato 780 264 813 296
Tomato 1029 101 1086 162
