Tomato 111 307 133 330
Tomato 141 415 167 449
Tomato 156 411 186 448
Tomato 151 389 181 418
Tomato 7 0 84 69
Tomato 171 329 193 355
Tomato 153 314 178 339
Tomato 125 299 146 319
Tomato 612 265 662 315
Tomato 67 435 116 483
Tomato 778 313 859 401
Tomato 831 277 933 393
Tomato 851 205 961 352
Tomato 668 500 743 574
Tomato 532 438 617 553
Tomato 574 422 661 518
Tomato 475 110 578 223
Tomato 750 250 836 366
Tomato 779 648 871 720
Tomato 865 625 999 720
Tomato 1212 305 1240 332
Tomato 130 398 161 431
Tomato 1202 310 1223 333
Tomato 1210 276 1229 299
Tomato 1197 282 1218 303
Tomato 88 669 140 720
Tomato 70 602 134 681
Tomato 123 389 149 412
