Tomato 147 321 187 373
Tomato 282 516 341 582
Tomato 275 552 328 601
Tomato 630 360 675 407
Tomato 657 342 714 397
Tomato 631 282 686 340
Tomato 660 296 714 352
Tomato 669 242 725 308
Tomato 689 264 742 324
Tomato 708 251 771 348
Tomato 785 228 813 256
Tomato 786 249 815 276
Tomato 522 4 561 49
Tomato 136 59 165 92
Tomato 125 81 153 107
Tomato 146 273 189 314
Tomato 149 46 181 73
Tomato 179 49 208 85
Tomato 230 152 259 183
Tomato 129 339 168 383
Tomato 45 474 93 535
Tomato 91 474 140 540
Tomato 149 350 196 396
Tomato 961 229 991 257
Tomato 975 215 1004 245
Tomato 995 105 1017 130
Tomato 976 107 998 129
Tomato 966 545 996 581
Tomato 1236 604 1280 684
Tomato 1211 503 1257 562
Tomato 1243 171 1280 261
Tomato 982 516 1014 548
Tomato 950 556 975 590
Tomato 1217 211 1270 265
Tomato 1201 632 1251 686
Tomato 1193 602 1246 661
