Tomato 835 650 908 720
Tomato 874 593 942 677
Tomato 826 580 890 677
Tomato 893 530 944 582
Tomato 872 445 947 543
Tomato 802 472 882 588
Tomato 777 406 857 505
Tomato 1152 303 1214 357
Tomato 1141 356 1186 402
Tomato 14 0 53 32
Tomato 0 469 34 526
Tomato 0 660 42 718
Tomato 20 684 61 720
Tomato 954 198 1009 274
Tomato 1203 383 1255 438
Tomato 971 254 1023 309
Tomato 124 102 171 148
Tomato 160 111 205 156
Tomato 187 104 229 157
Tomato 205 50 255 107
Tomato 162 70 210 126
Tomato 150 72 185 124
Tomato 222 31 277 90
Tomato 235 12 295 84
Tomato 174 42 222 89
Tomato 574 621 600 651
Tomato 579 667 606 689
Tomato 590 627 615 651
Tomato 580 641 602 665
Tomato 164 330 222 394
Tomato 933 226 995 306
Tomato 903 171 969 244
Tomato 817 181 890 284
Tomato 782 275 837 331
