Tomato 881 316 914 353
Tomato 831 342 863 381
Tomato 788 356 821 394
Tomato 921 543 948 571
Tomato 654 230 707 291
Tomato 601 216 659 281
Tomato 159 260 217 328
Tomato 150 304 202 359
Tomato 181 324 234 382
Tomato 104 287 162 345
Tomato 256 303 295 344
Tomato 216 410 251 455
Tomato 60 551 92 582
Tomato 63 529 99 562
Tomato 85 550 126 587
Tomato 201 416 234 454
Tomato 588 467 653 530
Tomato 98 595 175 673
Tomato 990 626 1052 682
Tomato 1060 313 1093 344
Tomato 1064 287 1095 319
Tomato 1082 153 1114 189
Tomato 1239 47 1280 117
Tomato 850 325 887 364
Tomato 554 0 606 50
Tomato 591 544 663 612
Tomato 33 44 90 106
Tomato 623 281 655 323
Tomato 651 198 698 256
Tomato 643 281 688 321
Tomato 30 6 89 63
