Tomato 912 68 993 143
Tomato 338 172 379 223
Tomato 55 311 146 409
Tomato 63 395 160 530
Tomato 120 389 254 533
Tomato 48 171 82 210
Tomato 651 217 790 348
Tomato 684 291 828 418
Tomato 987 42 1066 149
Tomato 785 162 879 253
Tomato 836 197 918 299
Tomato 828 107 911 207
Tomato 876 148 959 241
Tomato 964 620 1064 720
Tomato 892 660 998 720
Tomato 206 572 286 667
Tomato 248 573 325 651
Tomato 300 527 407 670
Tomato 78 52 104 76
Tomato 109 30 141 61
Tomato 249 16 317 87
Tomato 244 0 336 54
Tomato 926 95 1016 205
Tomato 961 294 1036 384
Tomato 888 578 989 693
Tomato 980 529 1070 666
Tomato 572 620 622 688
Tomato 300 0 376 57
