Tomato 159 425 246 512
Tomato 612 350 629 366
Tomato 619 358 634 375
Tomato 623 343 638 361
Tomato 597 329 617 352
Tomato 698 13 722 39
Tomato 693 25 713 47
Tomato 848 110 910 183
Tomato 840 130 884 179
Tomato 833 163 895 220
Tomato 905 111 962 181
Tomato 897 147 959 206
Tomato 888 181 946 253
Tomato 865 217 920 288
Tomato 833 197 890 254
Tomato 693 118 730 158
Tomato 696 95 728 123
Tomato 244 0 305 91
Tomato 275 0 364 91
Tomato 406 8 456 65
Tomato 368 22 419 83
Tomato 560 457 587 479
Tomato 567 436 593 460
Tomato 589 433 620 461
Tomato 105 116 142 153
Tomato 174 103 223 164
Tomato 901 601 967 667
Tomato 920 580 977 647
Tomato 906 511 983 616
Tomato 853 541 945 647
Tomato 824 620 897 707
Tomato 798 668 869 720
Tomato 645 579 706 628
Tomato 184 9 273 83
Tomato 198 78 267 145
Tomato 197 371 291 469
Tomato 230 326 323 428
