Tomato 456 12 477 40
Tomato 47 263 91 305
Tomato 91 214 155 296
Tomato 55 220 104 281
Tomato 7 252 49 300
Tomato 691 88 715 114
Tomato 667 83 694 111
Tomato 440 16 463 39
Tomato 424 20 446 40
Tomato 859 544 897 595
Tomato 111 422 142 459
Tomato 1232 607 1280 698
Tomato 628 217 649 238
Tomato 639 205 665 236
Tomato 655 195 685 234
Tomato 600 404 681 496
Tomato 628 439 701 521
Tomato 1059 95 1120 167
Tomato 1108 98 1160 175
Tomato 1021 58 1087 137
Tomato 1099 36 1163 116
Tomato 1079 12 1147 93
Tomato 1006 11 1068 96
Tomato 893 160 914 179
Tomato 904 151 931 180
Tomato 911 131 938 161
Tomato 922 122 952 153
Tomato 661 479 727 561
Tomato 872 294 899 330
Tomato 886 290 918 334
Tomato 935 322 961 354
Tomato 1151 603 1257 710
Tomato 1174 550 1256 638
Tomato 176 0 211 35
