Tomato 353 569 425 642
Tomato 331 459 419 557
Tomato 534 535 624 616
Tomato 550 344 648 432
Tomato 590 400 675 468
Tomato 544 16 593 70
Tomato 656 0 705 45
Tomato 588 0 656 52
Tomato 699 16 752 83
Tomato 416 579 449 611
Tomato 431 592 461 628
Tomato 778 504 819 540
Tomato 797 300 856 362
Tomato 1017 433 1082 503
Tomato 1006 287 1075 383
Tomato 1069 325 1158 418
Tomato 1079 260 1168 352
Tomato 1123 206 1214 329
Tomato 1235 40 1280 99
Tomato 505 467 554 522
Tomato 529 435 603 516
Tomato 829 523 862 566
Tomato 1223 15 1276 90
Tomato 347 374 372 402
Tomato 1169 448 1194 474
Tomato 320 143 405 240
Tomato 422 381 442 400
Tomato 406 364 424 383
Tomato 357 176 426 257
Tomato 377 227 437 291
Tomato 363 266 422 335
