Tomato 961 473 1062 588
Tomato 967 416 1045 508
Tomato 711 21 755 68
Tomato 691 18 732 69
Tomato 634 54 691 115
Tomato 970 218 1020 279
Tomato 933 234 994 313
Tomato 1010 133 1065 201
Tomato 59 533 146 630
Tomato 37 178 108 254
Tomato 98 209 164 277
Tomato 51 226 116 296
Tomato 116 239 166 299
Tomato 45 262 111 325
Tomato 78 305 123 353
Tomato 110 304 141 344
Tomato 111 293 158 353
Tomato 160 333 184 360
Tomato 254 600 278 624
Tomato 264 580 288 608
Tomato 278 582 299 608
Tomato 366 578 392 609
Tomato 401 466 430 496
Tomato 405 442 430 475
Tomato 439 442 482 488
Tomato 433 463 471 501
Tomato 1013 569 1095 668
Tomato 957 139 1029 220
Tomato 351 589 380 614
Tomato 1012 461 1066 523
Tomato 185 418 228 465
Tomato 482 249 505 281
Tomato 488 227 523 266
Tomato 521 260 548 288
Tomato 622 21 672 60
Tomato 533 138 555 168
Tomato 104 115 125 140
Tomato 409 334 432 356
Tomato 414 350 436 372
