Tomato 1195 612 1241 656
Tomato 1237 606 1280 671
Tomato 1231 551 1280 612
Tomato 1216 648 1267 711
Tomato 1245 238 1280 289
Tomato 1232 208 1280 258
Tomato 1221 177 1267 225
Tomato 1205 154 1263 225
Tomato 925 54 968 116
Tomato 858 13 924 86
Tomato 847 0 910 65
Tomato 810 2 875 91
Tomato 759 21 830 100
Tomato 765 98 823 163
Tomato 706 119 766 183
Tomato 737 355 820 451
Tomato 661 404 752 498
Tomato 630 442 714 547
Tomato 259 422 284 452
Tomato 21 480 46 506
Tomato 51 462 87 500
Tomato 55 475 85 507
Tomato 70 520 106 554
Tomato 51 514 87 544
