Tomato 540 159 578 199
Tomato 535 428 581 479
Tomato 657 550 694 586
Tomato 206 205 253 253
Tomato 198 175 248 228
Tomato 290 157 332 201
Tomato 258 147 304 202
Tomato 236 158 277 209
Tomato 35 12 68 44
Tomato 66 14 96 48
Tomato 0 205 59 272
Tomato 100 1 132 37
Tomato 49 0 81 36
Tomato 80 4 111 39
Tomato 121 20 163 60
Tomato 237 396 296 461
Tomato 0 521 26 560
Tomato 1 540 37 577
Tomato 1000 272 1055 327
Tomato 767 599 792 627
Tomato 778 607 804 636
Tomato 786 620 809 645
Tomato 933 611 970 650
Tomato 752 650 786 685
Tomato 1100 167 1130 205
Tomato 1065 149 1101 195
Tomato 988 315 1044 362
Tomato 980 367 1027 420
Tomato 510 429 553 474
Tomato 539 382 585 427
Tomato 486 407 531 455
Tomato 567 182 604 222
