Tomato 502 44 519 62
Tomato 259 556 277 574
Tomato 74 245 105 277
Tomato 150 468 192 513
Tomato 213 6 250 51
Tomato 233 25 268 65
Tomato 259 72 291 103
Tomato 185 243 235 308
Tomato 234 279 259 309
Tomato 195 294 249 339
Tomato 268 149 285 169
Tomato 97 336 123 363
Tomato 1089 97 1134 145
Tomato 497 28 518 48
Tomato 514 53 529 69
Tomato 70 404 137 478
Tomato 200 277 245 323
Tomato 685 616 751 706
Tomato 722 639 779 707
Tomato 861 336 923 396
Tomato 880 272 935 323
Tomato 407 433 487 527
Tomato 623 328 693 400
Tomato 637 246 698 315
Tomato 674 208 730 277
Tomato 614 201 673 271
Tomato 660 276 723 345
Tomato 587 163 664 251
Tomato 637 170 699 242
Tomato 935 197 960 229
Tomato 945 192 970 220
Tomato 403 657 474 720
Tomato 829 634 926 720
Tomato 243 577 262 597
Tomato 255 567 271 584
Tomato 262 537 280 556
