0 0.477832 0.924792 0.044227 0.083083
0 0.711980 0.848931 0.042992 0.083028
0 0.868805 0.863479 0.037422 0.082542
0 0.310074 0.500507 0.023102 0.061875
0 0.293418 0.464743 0.031211 0.058736
0 0.288754 0.618104 0.017133 0.030458
0 0.298504 0.633313 0.026430 0.069403
0 0.253645 0.814451 0.033336 0.059208
0 0.282617 0.824319 0.030609 0.068278
0 0.154633 0.268424 0.021313 0.045931
0 0.754242 0.613681 0.022812 0.051278
0 0.736539 0.579542 0.037203 0.077944
0 0.764578 0.642486 0.039344 0.068333
0 0.739824 0.894840 0.033039 0.082153
0 0.765180 0.862542 0.042937 0.087000
0 0.792895 0.444840 0.031836 0.054792
0 0.037969 0.324313 0.022578 0.044792
