Tomato 4 285 72 365
Tomato 406 589 585 720
Tomato 448 497 570 637
Tomato 398 352 434 393
Tomato 381 303 417 340
Tomato 398 312 430 345
Tomato 313 253 335 281
Tomato 409 278 444 311
Tomato 482 75 513 111
Tomato 437 104 469 137
Tomato 426 124 460 157
Tomato 571 543 656 680
Tomato 20 652 90 720
Tomato 0 332 57 423
Tomato 501 105 523 132
Tomato 491 90 517 118
Tomato 323 114 340 137
Tomato 322 130 346 151
Tomato 535 9 557 34
Tomato 355 11 372 35
Tomato 339 19 355 42
Tomato 153 147 206 207
Tomato 452 98 483 128
Tomato 24 235 69 287
Tomato 518 0 543 34
Tomato 537 23 556 46
Tomato 170 70 208 108
Tomato 340 121 358 138
Tomato 345 86 370 110
