Tomato 26 287 88 346
Tomato 23 254 77 307
Tomato 27 225 83 280
Tomato 72 259 118 313
Tomato 107 309 179 374
Tomato 145 293 192 353
Tomato 0 132 32 163
Tomato 496 200 525 228
Tomato 690 202 716 226
Tomato 678 208 705 238
Tomato 182 602 242 680
Tomato 360 619 441 718
Tomato 446 391 476 421
Tomato 377 283 395 306
Tomato 390 287 405 306
Tomato 395 291 412 310
Tomato 26 126 44 145
Tomato 31 120 56 147
Tomato 659 249 684 281
Tomato 675 240 702 271
Tomato 217 384 263 433
Tomato 677 102 697 127
Tomato 680 86 703 112
Tomato 410 350 458 410
