Tomato 394 483 427 518
Tomato 398 455 431 487
Tomato 430 629 464 666
Tomato 451 611 485 657
Tomato 650 8 720 121
Tomato 653 46 720 166
Tomato 418 191 441 220
Tomato 333 381 351 401
Tomato 324 365 342 385
Tomato 381 271 410 298
Tomato 394 252 422 280
Tomato 403 274 433 303
Tomato 400 303 428 330
Tomato 424 299 451 328
Tomato 409 194 430 220
Tomato 428 183 455 213
Tomato 35 145 88 199
Tomato 0 152 41 214
Tomato 24 183 69 244
Tomato 0 200 33 267
Tomato 14 226 61 273
Tomato 51 365 78 393
Tomato 33 355 60 381
