Tomato 124 280 157 311
Tomato 39 545 57 567
Tomato 34 564 51 588
Tomato 22 561 38 584
Tomato 7 566 24 587
Tomato 9 553 27 572
Tomato 8 537 30 556
Tomato 26 529 48 560
Tomato 11 514 33 540
Tomato 3 429 25 451
Tomato 0 407 24 434
Tomato 184 294 210 320
Tomato 225 467 258 501
Tomato 154 286 180 310
Tomato 433 213 494 285
Tomato 135 241 170 272
Tomato 4 444 27 467
Tomato 205 393 246 432
Tomato 181 366 226 414
Tomato 417 26 465 73
Tomato 426 0 481 40
Tomato 324 124 343 144
Tomato 163 311 185 330
Tomato 177 266 206 299
Tomato 22 302 37 317
Tomato 185 107 204 130
Tomato 192 87 213 104
Tomato 600 337 651 389
Tomato 0 647 11 677
Tomato 175 621 218 668
Tomato 182 590 222 633
