Tomato 349 301 373 324
Tomato 401 645 467 714
Tomato 427 618 503 696
Tomato 445 574 537 680
Tomato 382 576 471 659
Tomato 473 495 595 628
Tomato 15 187 47 219
Tomato 447 362 475 397
Tomato 462 376 491 406
Tomato 450 388 475 417
Tomato 430 379 461 408
Tomato 473 335 507 365
Tomato 365 435 391 463
Tomato 20 594 96 685
Tomato 93 487 204 614
Tomato 42 488 130 562
Tomato 37 562 98 614
Tomato 60 527 147 609
Tomato 438 518 490 570
Tomato 667 627 697 658
Tomato 696 690 720 720
Tomato 578 337 599 359
Tomato 596 88 665 175
Tomato 557 66 630 143
Tomato 455 168 504 213
Tomato 467 108 537 193
Tomato 147 119 235 236
Tomato 113 166 190 269
Tomato 72 141 150 215
Tomato 39 192 117 270
Tomato 75 190 146 262
Tomato 79 241 143 300
Tomato 504 75 579 189
Tomato 545 103 620 201
