Tomato 75 100 99 131
Tomato 87 610 120 639
Tomato 311 641 416 720
Tomato 305 585 417 673
Tomato 501 378 577 469
Tomato 554 381 626 468
Tomato 446 299 549 426
Tomato 500 269 591 379
Tomato 359 412 391 446
Tomato 512 0 582 68
Tomato 555 0 621 67
Tomato 400 114 429 144
Tomato 205 562 236 599
Tomato 17 540 64 585
Tomato 65 603 92 635
Tomato 51 591 83 628
Tomato 42 566 80 604
Tomato 76 616 102 646
Tomato 6 343 33 370
Tomato 52 328 79 375
Tomato 42 333 65 378
Tomato 34 339 55 369
Tomato 20 350 47 380
Tomato 7 364 30 392
Tomato 0 382 14 400
Tomato 68 557 105 593
Tomato 78 580 109 614
Tomato 74 217 100 247
