Tomato 327 615 384 676
Tomato 355 649 411 700
Tomato 336 510 393 570
Tomato 372 445 459 543
Tomato 410 232 493 322
Tomato 445 273 504 341
Tomato 460 217 512 280
Tomato 506 250 544 286
Tomato 444 427 469 453
Tomato 123 0 172 37
Tomato 155 0 203 37
Tomato 0 565 30 620
Tomato 0 392 41 470
Tomato 0 503 35 580
Tomato 10 521 50 566
Tomato 23 487 84 567
Tomato 37 436 99 510
Tomato 0 453 53 508
Tomato 165 330 208 379
Tomato 136 192 181 243
Tomato 165 166 213 226
Tomato 545 130 565 148
Tomato 558 133 578 155
Tomato 539 118 566 139
Tomato 574 127 594 151
Tomato 548 0 574 20
Tomato 565 2 585 24
Tomato 574 14 591 38
Tomato 582 18 600 41
Tomato 555 14 573 35
Tomato 534 10 553 30
Tomato 542 597 569 625
Tomato 161 144 200 188
Tomato 245 88 267 112
Tomato 261 81 282 101
Tomato 271 108 293 133
Tomato 258 94 285 118
