Tomato 523 560 623 665
Tomato 232 175 262 209
Tomato 282 339 311 372
Tomato 661 334 676 351
Tomato 656 325 671 342
Tomato 261 171 285 203
Tomato 271 160 301 196
Tomato 445 518 468 543
Tomato 243 144 265 169
Tomato 82 4 115 38
Tomato 596 541 692 648
Tomato 471 663 526 720
Tomato 532 649 598 713
Tomato 646 96 720 161
Tomato 627 132 699 202
Tomato 631 178 685 230
Tomato 585 122 644 168
Tomato 264 295 305 331
Tomato 249 321 292 364
Tomato 215 351 256 391
Tomato 225 329 259 361
Tomato 256 358 291 396
Tomato 296 394 325 424
Tomato 277 379 308 417
Tomato 259 20 303 56
