Tomato 22 575 120 678
Tomato 432 639 559 720
Tomato 514 651 623 720
Tomato 586 616 677 720
Tomato 239 645 279 688
Tomato 283 507 318 551
Tomato 354 500 381 531
Tomato 528 275 562 308
Tomato 0 361 44 429
Tomato 16 363 74 433
Tomato 22 294 100 385
Tomato 73 257 144 359
Tomato 120 173 155 207
Tomato 216 339 244 363
Tomato 231 327 255 353
Tomato 246 321 270 349
Tomato 333 235 359 263
Tomato 173 0 229 58
Tomato 199 0 256 50
Tomato 350 124 374 146
Tomato 477 174 540 254
Tomato 519 152 605 262
Tomato 523 207 596 295
Tomato 546 277 586 323
