Tomato 44 442 114 547
Tomato 424 663 458 697
Tomato 322 624 360 661
Tomato 126 28 190 119
Tomato 183 70 238 138
Tomato 230 151 280 217
Tomato 193 117 257 182
Tomato 137 88 200 155
Tomato 90 428 168 536
Tomato 514 649 537 673
Tomato 660 233 699 272
Tomato 576 575 596 599
Tomato 561 577 588 604
Tomato 690 395 720 451
Tomato 551 452 570 472
Tomato 555 466 572 485
Tomato 545 472 563 490
Tomato 414 439 436 468
Tomato 410 556 434 582
Tomato 430 566 455 596
Tomato 411 574 438 604
Tomato 425 416 449 440
Tomato 402 398 431 425
Tomato 395 424 425 464
Tomato 375 405 414 450
Tomato 549 444 569 461
