Tomato 687 32 720 90
Tomato 0 424 67 514
Tomato 156 567 188 601
Tomato 250 588 272 613
Tomato 171 554 203 584
Tomato 189 560 227 596
Tomato 200 541 238 577
Tomato 397 669 430 699
Tomato 425 663 460 697
Tomato 405 645 437 680
Tomato 423 631 458 665
Tomato 444 636 476 672
Tomato 365 450 397 480
Tomato 400 442 435 478
Tomato 537 380 579 420
Tomato 43 290 91 343
Tomato 22 253 83 327
Tomato 77 274 123 324
Tomato 73 236 122 291
Tomato 38 206 76 240
Tomato 297 256 331 290
Tomato 68 199 100 238
Tomato 139 5 176 40
Tomato 204 102 227 123
Tomato 339 14 363 38
Tomato 355 17 377 36
Tomato 363 29 384 50
Tomato 633 84 684 137
Tomato 634 33 673 66
Tomato 633 65 683 113
Tomato 670 45 715 91
Tomato 516 123 537 148
Tomato 527 122 552 148
Tomato 530 138 554 162
Tomato 538 152 564 176
Tomato 554 151 577 175
Tomato 548 134 575 163
Tomato 269 422 295 446
Tomato 380 432 417 470
Tomato 337 144 363 170
Tomato 328 140 348 159
Tomato 337 131 358 150
Tomato 353 135 382 160
Tomato 191 97 214 122
Tomato 208 317 228 338
Tomato 216 327 235 346
Tomato 222 344 239 361
Tomato 184 412 205 434
Tomato 230 427 251 448
Tomato 172 404 195 422
Tomato 167 417 186 436
