Tomato 83 573 166 664
Tomato 22 469 121 577
Tomato 94 453 169 558
Tomato 64 261 125 324
Tomato 30 222 104 298
Tomato 62 127 124 210
Tomato 102 119 168 188
Tomato 147 166 196 224
Tomato 301 392 340 430
Tomato 594 470 639 525
Tomato 561 443 617 506
Tomato 530 383 592 462
Tomato 555 412 610 460
Tomato 607 432 661 491
Tomato 588 398 649 468
Tomato 518 218 556 259
Tomato 544 205 586 258
Tomato 576 224 613 265
Tomato 598 204 638 259
Tomato 590 128 652 195
Tomato 527 164 574 224
Tomato 566 189 612 239
Tomato 299 420 324 445
Tomato 297 437 325 460
Tomato 341 74 363 102
