Tomato 406 510 440 540
Tomato 464 435 533 508
Tomato 463 504 513 560
Tomato 427 265 453 296
Tomato 442 288 466 312
Tomato 411 265 435 288
Tomato 424 166 448 193
Tomato 438 173 457 195
Tomato 417 158 439 178
Tomato 426 45 443 63
Tomato 523 66 554 103
Tomato 524 24 563 64
Tomato 518 43 555 78
Tomato 452 302 468 321
Tomato 304 484 322 505
Tomato 564 249 604 298
Tomato 518 235 564 286
Tomato 617 289 655 330
Tomato 569 285 602 318
Tomato 590 250 650 316
Tomato 512 278 559 332
Tomato 596 308 628 342
Tomato 550 257 590 308
Tomato 314 579 335 602
Tomato 0 45 13 68
Tomato 6 48 26 72
Tomato 46 263 94 315
Tomato 65 217 109 271
Tomato 85 199 138 262
Tomato 28 197 93 267
Tomato 25 162 94 224
Tomato 77 482 135 545
Tomato 95 515 134 569
Tomato 222 609 246 637
Tomato 214 623 237 648
Tomato 160 607 190 638
Tomato 370 376 412 419
Tomato 366 494 398 528
