Tomato 84 353 125 395
Tomato 103 344 140 393
Tomato 0 665 21 692
Tomato 84 218 117 245
Tomato 31 660 53 685
Tomato 0 583 30 619
Tomato 59 397 93 432
Tomato 78 394 106 427
Tomato 17 656 41 684
Tomato 395 576 425 604
Tomato 456 595 486 623
Tomato 471 492 497 520
Tomato 473 477 505 509
Tomato 459 372 487 403
Tomato 474 358 507 391
Tomato 678 332 720 389
Tomato 620 1 673 50
Tomato 649 5 715 63
Tomato 358 398 378 420
Tomato 357 429 375 448
Tomato 350 422 369 443
Tomato 555 641 577 669
Tomato 557 661 580 687
Tomato 612 631 640 661
Tomato 604 663 626 686
