Tomato 0 457 34 498
Tomato 334 464 383 518
Tomato 366 478 426 535
Tomato 399 453 468 531
Tomato 502 474 564 544
Tomato 492 268 542 318
Tomato 510 232 551 281
Tomato 504 212 550 263
Tomato 450 250 490 297
Tomato 426 170 491 237
Tomato 447 203 508 267
Tomato 99 394 118 418
Tomato 86 412 108 435
Tomato 75 408 99 438
Tomato 98 494 128 531
Tomato 0 116 18 139
Tomato 8 119 26 142
Tomato 153 49 171 71
Tomato 160 41 182 65
Tomato 174 45 195 69
Tomato 190 52 206 72
Tomato 183 39 205 61
Tomato 631 485 654 509
Tomato 594 293 620 320
Tomato 585 276 610 305
Tomato 575 183 596 207
Tomato 584 188 604 209
Tomato 564 173 587 194
Tomato 696 506 720 549
Tomato 573 275 592 296
Tomato 547 170 569 194
Tomato 100 340 140 380
