Tomato 561 68 625 147
Tomato 352 107 372 134
Tomato 461 199 511 258
Tomato 365 38 386 64
Tomato 508 94 535 125
Tomato 506 113 531 140
Tomato 522 100 545 128
Tomato 344 209 366 233
Tomato 524 113 577 179
Tomato 278 361 312 399
Tomato 306 353 340 392
Tomato 290 396 326 435
Tomato 407 383 464 447
Tomato 429 349 504 433
Tomato 375 510 424 574
Tomato 401 476 458 538
Tomato 376 463 426 527
Tomato 383 426 439 486
Tomato 363 394 427 484
Tomato 396 318 466 407
Tomato 414 262 482 343
Tomato 488 280 558 368
