Tomato 116 257 159 304
Tomato 310 310 336 335
Tomato 306 288 336 319
Tomato 410 354 433 379
Tomato 396 350 419 373
Tomato 602 369 653 420
Tomato 535 303 592 362
Tomato 547 250 609 309
Tomato 587 349 635 402
Tomato 324 448 359 483
Tomato 326 495 348 525
Tomato 234 406 285 484
Tomato 126 183 186 248
Tomato 456 211 479 244
Tomato 444 214 465 240
Tomato 424 208 448 234
Tomato 175 180 230 250
Tomato 148 203 204 273
Tomato 109 225 153 271
Tomato 134 248 181 298
Tomato 307 326 328 348
Tomato 538 136 587 182
Tomato 373 515 398 539
Tomato 304 610 345 652
Tomato 305 640 338 677
Tomato 285 629 321 669
