Tomato 102 238 122 259
Tomato 465 342 517 395
Tomato 440 360 468 397
Tomato 519 604 630 720
Tomato 448 574 555 690
Tomato 526 524 638 653
Tomato 375 585 486 705
Tomato 178 604 230 655
Tomato 137 600 186 638
Tomato 153 145 192 198
Tomato 140 152 169 188
Tomato 132 178 154 206
Tomato 140 320 185 369
Tomato 151 372 187 410
Tomato 117 367 151 404
Tomato 125 385 156 423
Tomato 102 383 131 418
Tomato 126 415 152 440
Tomato 74 565 106 592
Tomato 149 7 170 30
Tomato 153 30 171 51
Tomato 140 23 158 45
Tomato 129 36 157 65
Tomato 168 17 189 43
Tomato 501 79 568 163
Tomato 137 427 161 452
Tomato 482 79 551 161
Tomato 534 102 594 173
Tomato 563 114 608 177
Tomato 543 120 655 230
Tomato 617 212 695 291
Tomato 560 190 648 283
Tomato 553 400 584 432
Tomato 500 347 557 412
