Tomato 81 342 114 372
Tomato 62 331 96 367
Tomato 325 283 359 317
Tomato 665 113 688 136
Tomato 624 4 647 26
Tomato 480 30 540 118
Tomato 558 33 616 104
Tomato 415 522 490 600
Tomato 517 37 586 137
Tomato 243 626 274 672
Tomato 590 68 641 130
Tomato 576 15 628 65
Tomato 346 286 379 322
Tomato 259 622 296 670
Tomato 575 492 643 600
Tomato 63 299 94 332
Tomato 281 648 316 687
Tomato 424 598 501 685
Tomato 367 477 446 574
Tomato 428 441 500 526
Tomato 470 478 562 579
Tomato 562 435 635 520
Tomato 93 320 124 353
