Tomato 279 133 343 199
Tomato 37 294 96 373
Tomato 277 495 372 595
Tomato 230 531 332 640
Tomato 342 264 409 336
Tomato 371 307 419 359
Tomato 401 306 448 359
Tomato 626 456 663 493
Tomato 627 428 671 472
Tomato 185 216 213 252
Tomato 368 222 431 290
Tomato 201 297 255 355
Tomato 0 286 66 370
Tomato 35 0 96 58
Tomato 208 637 290 720
Tomato 145 315 179 356
Tomato 550 537 588 576
Tomato 637 626 706 693
Tomato 544 661 602 712
Tomato 602 484 630 515
Tomato 557 504 587 537
Tomato 585 460 629 499
Tomato 582 491 618 540
Tomato 640 242 666 273
Tomato 652 250 676 275
Tomato 662 234 690 263
Tomato 230 448 313 535
Tomato 357 170 429 250
Tomato 297 292 365 359
Tomato 298 220 392 322
Tomato 273 179 345 241
