Tomato 131 44 148 68
Tomato 117 45 141 67
Tomato 119 26 145 54
Tomato 95 21 119 50
Tomato 342 103 363 137
Tomato 355 319 382 349
Tomato 355 97 379 129
Tomato 126 128 163 174
Tomato 141 142 174 174
Tomato 150 165 179 196
Tomato 361 237 385 267
Tomato 666 229 694 259
Tomato 661 245 686 275
Tomato 645 222 672 251
Tomato 637 242 664 267
Tomato 373 580 409 622
Tomato 357 556 397 601
Tomato 12 569 48 609
Tomato 332 528 386 584
Tomato 492 374 509 393
Tomato 508 373 524 392
Tomato 495 382 514 399
Tomato 512 389 529 405
Tomato 507 400 523 415
Tomato 323 336 352 366
Tomato 329 359 357 388
Tomato 343 343 371 372
Tomato 352 211 386 243
Tomato 624 407 651 440
Tomato 650 408 675 437
Tomato 617 388 648 420
Tomato 629 374 662 410
Tomato 639 356 674 396
Tomato 517 549 545 582
Tomato 531 576 559 605
Tomato 394 595 423 628
Tomato 635 421 664 450
