Tomato 57 264 93 300
Tomato 0 419 45 472
Tomato 0 378 35 432
Tomato 266 388 329 459
Tomato 103 516 132 549
Tomato 169 595 190 616
Tomato 290 535 327 572
Tomato 107 546 133 576
Tomato 289 647 330 698
Tomato 337 651 399 710
Tomato 357 603 427 671
Tomato 376 552 443 614
Tomato 417 509 487 570
Tomato 346 486 421 558
Tomato 567 678 617 720
Tomato 366 413 428 497
Tomato 324 376 395 439
Tomato 269 308 339 371
Tomato 290 253 316 279
Tomato 287 235 309 259
Tomato 295 281 319 305
Tomato 321 221 347 252
Tomato 291 224 319 252
Tomato 392 125 455 196
Tomato 536 161 559 187
Tomato 540 149 563 176
Tomato 554 133 579 159
Tomato 565 149 590 174
Tomato 682 365 720 410
Tomato 684 398 720 441
Tomato 610 433 646 471
Tomato 634 365 672 403
Tomato 472 268 539 339
Tomato 482 214 535 278
Tomato 445 169 505 245
Tomato 459 211 515 288
