Tomato 568 475 584 492
Tomato 575 453 596 477
Tomato 573 465 588 480
Tomato 558 479 573 494
Tomato 495 440 519 461
Tomato 349 677 376 704
Tomato 209 673 273 720
Tomato 658 516 695 562
Tomato 678 505 713 556
Tomato 668 540 701 582
Tomato 647 574 677 607
Tomato 406 79 435 105
Tomato 396 91 420 116
Tomato 62 107 101 149
Tomato 474 652 530 714
Tomato 450 647 499 694
Tomato 336 665 365 697
Tomato 637 358 675 402
Tomato 622 395 663 438
Tomato 309 378 362 431
Tomato 319 453 374 509
Tomato 289 468 341 523
Tomato 383 130 405 157
Tomato 398 118 421 146
