Tomato 144 520 219 583
Tomato 193 494 265 571
Tomato 92 297 140 349
Tomato 98 256 160 320
Tomato 95 183 186 266
Tomato 160 229 225 297
Tomato 675 124 719 172
Tomato 554 19 616 76
Tomato 1 193 33 238
Tomato 493 66 536 111
Tomato 519 30 569 78
Tomato 556 97 608 142
Tomato 566 70 618 111
Tomato 600 47 649 100
Tomato 620 67 674 132
Tomato 661 82 705 142
Tomato 630 284 697 370
Tomato 587 343 661 432
Tomato 147 284 219 355
Tomato 167 165 245 251
Tomato 592 277 634 317
Tomato 235 640 295 700
Tomato 217 588 286 670
Tomato 186 543 261 627
