Tomato 366 320 392 346
Tomato 183 519 221 562
Tomato 193 541 227 584
Tomato 487 153 523 187
Tomato 483 112 528 164
Tomato 494 91 540 145
Tomato 522 92 559 133
Tomato 536 77 572 115
Tomato 514 56 559 101
Tomato 365 393 408 438
Tomato 648 273 712 340
Tomato 655 319 715 388
Tomato 584 668 622 706
Tomato 156 402 186 433
Tomato 173 428 201 457
Tomato 200 461 228 493
Tomato 82 413 105 432
Tomato 149 234 173 260
Tomato 179 271 202 297
Tomato 193 268 215 291
Tomato 170 242 189 266
Tomato 177 253 202 280
Tomato 64 544 89 572
Tomato 394 574 425 612
Tomato 588 398 621 431
Tomato 232 674 259 703
Tomato 164 119 186 143
Tomato 172 130 193 155
Tomato 366 295 394 325
Tomato 198 432 222 459
