Tomato 85 68 136 124
Tomato 485 213 516 242
Tomato 619 506 649 536
Tomato 522 357 546 380
Tomato 661 486 720 589
Tomato 526 577 550 606
Tomato 627 409 720 518
Tomato 630 35 702 105
Tomato 579 41 649 125
Tomato 569 17 625 55
Tomato 534 42 570 84
Tomato 488 59 517 89
Tomato 117 31 180 77
Tomato 181 112 221 159
Tomato 171 78 218 136
Tomato 106 100 159 162
Tomato 66 94 113 150
Tomato 97 145 130 183
Tomato 44 119 85 161
Tomato 94 438 179 529
Tomato 47 462 116 554
Tomato 19 512 60 567
Tomato 9 559 63 614
Tomato 493 193 521 218
Tomato 510 202 533 226
Tomato 383 664 420 702
Tomato 340 646 362 666
Tomato 331 645 347 664
Tomato 472 330 504 371
