Tomato 518 264 574 336
Tomato 690 638 714 659
Tomato 672 660 690 682
Tomato 684 654 710 679
Tomato 705 606 720 630
Tomato 708 634 720 653
Tomato 659 667 679 686
Tomato 648 663 668 685
Tomato 701 451 720 473
Tomato 425 512 510 622
Tomato 484 545 556 631
Tomato 500 602 569 691
Tomato 521 667 583 720
Tomato 619 60 659 97
Tomato 582 64 625 114
Tomato 502 0 547 49
Tomato 537 5 580 55
Tomato 567 29 606 71
Tomato 98 252 140 302
Tomato 65 240 107 289
Tomato 0 205 36 257
Tomato 21 196 71 277
Tomato 59 211 115 275
Tomato 106 212 151 272
Tomato 465 246 540 335
Tomato 656 520 694 557
Tomato 20 554 94 644
Tomato 4 611 70 695
Tomato 522 418 557 459
Tomato 545 428 576 465
Tomato 581 400 626 447
Tomato 554 342 608 399
