Tomato 629 656 681 712
Tomato 579 665 616 697
Tomato 569 687 603 717
Tomato 297 287 316 307
Tomato 344 233 374 267
Tomato 322 240 356 282
Tomato 307 271 331 299
Tomato 368 100 391 131
Tomato 355 105 378 132
Tomato 342 113 363 135
Tomato 659 357 686 382
Tomato 685 192 720 236
Tomato 680 157 720 204
Tomato 587 200 623 239
Tomato 610 212 670 258
Tomato 604 165 663 221
Tomato 597 250 645 304
Tomato 566 212 610 257
Tomato 328 0 364 28
Tomato 615 119 646 149
Tomato 621 100 643 125
Tomato 435 633 462 661
Tomato 199 653 230 681
Tomato 497 416 509 430
Tomato 492 424 505 437
Tomato 486 405 501 419
Tomato 477 393 493 414
Tomato 496 347 511 365
Tomato 484 337 503 358
Tomato 458 555 470 567
Tomato 453 539 467 555
Tomato 449 533 463 550
Tomato 473 515 486 531
Tomato 475 536 488 548
Tomato 472 529 485 543
Tomato 465 505 482 526
Tomato 424 521 442 541
Tomato 301 589 327 620
Tomato 688 523 720 578
Tomato 692 633 720 684
Tomato 681 561 720 624
Tomato 626 574 685 637
Tomato 605 621 663 682
Tomato 604 558 660 613
Tomato 587 505 645 576
Tomato 546 541 595 596
Tomato 571 592 611 635
Tomato 673 667 720 720
Tomato 647 104 667 127
