Tomato 178 62 196 83
Tomato 166 181 198 223
Tomato 182 41 211 71
Tomato 194 20 224 55
Tomato 0 113 59 220
Tomato 0 192 81 300
Tomato 59 237 105 289
Tomato 42 206 102 278
Tomato 494 124 586 228
Tomato 445 77 523 176
Tomato 144 636 160 656
Tomato 138 611 163 634
Tomato 254 308 289 346
Tomato 224 338 260 374
Tomato 253 332 293 383
Tomato 228 363 267 399
Tomato 277 393 319 428
Tomato 196 353 241 401
Tomato 184 381 212 407
Tomato 170 374 199 397
Tomato 182 502 210 536
Tomato 613 241 643 276
Tomato 590 247 629 287
Tomato 270 508 301 550
Tomato 261 488 290 518
Tomato 132 666 158 692
Tomato 619 686 678 720
Tomato 561 646 637 720
Tomato 478 630 578 720
Tomato 468 575 571 667
Tomato 527 225 587 280
Tomato 614 119 636 148
Tomato 621 112 644 143
