Tomato 216 295 251 334
Tomato 361 608 388 634
Tomato 701 593 720 621
Tomato 594 498 629 539
Tomato 222 331 256 367
Tomato 371 590 395 630
Tomato 569 236 595 271
Tomato 445 517 462 536
Tomato 71 63 89 84
Tomato 56 61 76 85
Tomato 51 80 71 102
Tomato 33 89 52 107
Tomato 24 97 43 117
Tomato 534 257 558 283
Tomato 567 388 597 415
Tomato 555 410 589 448
Tomato 429 511 451 531
Tomato 433 493 452 514
Tomato 424 477 449 504
Tomato 583 80 618 118
Tomato 570 86 600 124
Tomato 244 134 304 190
Tomato 213 201 256 252
Tomato 198 350 230 388
Tomato 215 368 244 400
Tomato 232 385 260 415
Tomato 159 485 253 581
Tomato 661 645 683 664
Tomato 237 213 289 271
Tomato 113 500 186 578
Tomato 568 214 595 243
Tomato 552 222 589 253
Tomato 539 227 571 264
