Tomato 280 282 374 394
Tomato 0 309 51 355
Tomato 11 242 64 300
Tomato 313 465 385 549
Tomato 262 468 362 588
Tomato 228 407 322 528
Tomato 307 383 408 515
Tomato 260 358 351 453
Tomato 675 30 719 72
Tomato 683 0 720 44
Tomato 510 184 544 216
Tomato 522 166 558 196
Tomato 334 0 395 60
Tomato 309 0 367 67
Tomato 283 32 344 97
Tomato 325 321 429 444
Tomato 276 59 328 117
Tomato 232 19 286 68
Tomato 230 54 283 105
Tomato 60 610 124 686
Tomato 7 583 73 651
Tomato 0 631 60 720
Tomato 43 642 102 715
Tomato 576 188 599 213
Tomato 666 356 692 382
Tomato 521 484 556 520
Tomato 540 516 570 546
Tomato 498 340 525 366
Tomato 125 536 151 562
Tomato 506 357 531 381
Tomato 522 667 567 712
