Tomato 70 360 115 407
Tomato 97 342 154 397
Tomato 71 282 126 340
Tomato 100 296 154 352
Tomato 109 242 165 308
Tomato 129 264 182 324
Tomato 148 251 211 348
Tomato 225 228 253 256
Tomato 226 249 255 276
Tomato 401 229 431 257
Tomato 415 215 444 245
Tomato 435 105 457 130
Tomato 416 107 438 129
Tomato 406 545 436 581
Tomato 676 604 720 684
Tomato 651 503 697 562
Tomato 683 171 720 261
Tomato 422 516 454 548
Tomato 390 556 415 590
Tomato 657 211 710 265
Tomato 641 632 691 686
Tomato 633 602 686 661
