Tomato 503 666 556 720
Tomato 187 681 226 714
Tomato 225 671 263 708
Tomato 234 642 269 680
Tomato 193 656 229 691
Tomato 625 200 697 282
Tomato 205 384 242 421
Tomato 239 441 275 485
Tomato 202 437 239 473
Tomato 208 455 237 490
Tomato 480 93 532 148
Tomato 503 42 547 84
Tomato 579 37 622 85
Tomato 568 59 610 101
Tomato 579 81 624 123
Tomato 534 61 584 114
Tomato 488 66 540 118
Tomato 175 116 200 144
Tomato 188 118 217 145
Tomato 195 133 221 158
Tomato 208 148 231 173
Tomato 0 133 18 155
Tomato 14 127 34 151
Tomato 0 0 14 20
Tomato 5 2 25 24
Tomato 14 14 31 38
Tomato 22 18 40 41
Tomato 0 14 13 35
Tomato 464 534 487 559
