Tomato 274 87 295 110
Tomato 130 202 156 226
Tomato 118 208 145 238
Tomato 672 235 690 254
Tomato 99 249 124 281
Tomato 115 240 142 271
Tomato 272 104 296 132
Tomato 296 89 323 116
Tomato 117 102 137 127
Tomato 120 86 143 112
Tomato 161 59 184 83
Tomato 379 67 438 144
Tomato 340 106 388 161
Tomato 340 149 384 196
Tomato 263 257 298 296
Tomato 254 232 294 285
Tomato 296 244 337 294
Tomato 288 264 318 300
Tomato 261 276 290 313
Tomato 267 293 295 332
Tomato 281 300 316 340
Tomato 239 379 279 426
Tomato 669 211 690 242
Tomato 662 259 684 286
Tomato 645 217 673 250
Tomato 651 256 671 283
Tomato 628 199 659 234
Tomato 617 186 644 213
Tomato 316 486 383 559
Tomato 640 345 679 399
Tomato 339 252 441 352
Tomato 326 331 400 416
Tomato 357 317 438 423
Tomato 282 392 373 505
Tomato 423 343 503 431
Tomato 355 429 422 512
Tomato 425 378 494 456
Tomato 413 195 462 257
Tomato 284 475 339 543
Tomato 374 469 431 547
Tomato 431 474 501 566
Tomato 390 512 452 599
