Tomato 238 0 303 56
Tomato 320 0 379 61
Tomato 244 237 349 325
Tomato 321 79 365 123
Tomato 215 630 333 720
Tomato 456 579 509 641
Tomato 478 609 533 666
Tomato 584 587 627 637
Tomato 596 476 633 519
Tomato 510 403 548 449
Tomato 637 467 694 541
Tomato 633 405 694 482
Tomato 625 355 692 427
Tomato 668 352 720 435
Tomato 440 401 477 433
Tomato 446 349 488 395
Tomato 514 238 545 270
Tomato 500 203 530 237
Tomato 651 106 703 151
Tomato 656 147 703 188
Tomato 338 473 388 537
Tomato 315 452 371 524
Tomato 281 395 349 463
Tomato 280 351 354 422
Tomato 311 394 365 483
Tomato 305 311 371 382
Tomato 532 231 558 256
