Tomato 0 579 32 617
Tomato 17 590 48 630
Tomato 643 425 711 516
Tomato 616 484 661 542
Tomato 656 490 720 552
Tomato 670 540 720 623
Tomato 258 484 306 536
Tomato 284 481 346 558
Tomato 325 495 391 569
Tomato 376 42 436 97
Tomato 37 557 65 596
Tomato 0 539 37 586
Tomato 268 628 319 685
Tomato 304 357 404 445
Tomato 306 80 361 134
Tomato 302 198 334 233
Tomato 276 193 310 233
Tomato 253 444 275 467
Tomato 235 446 256 469
Tomato 224 431 248 455
Tomato 253 409 281 437
Tomato 231 405 261 436
Tomato 240 352 281 398
Tomato 334 228 359 257
Tomato 317 235 342 268
Tomato 329 59 373 103
Tomato 284 409 349 483
