Tomato 644 353 685 395
Tomato 305 310 348 351
Tomato 273 501 323 550
Tomato 183 362 272 477
Tomato 133 382 218 485
Tomato 90 369 167 445
Tomato 120 322 215 411
Tomato 267 297 312 342
Tomato 274 325 313 367
Tomato 196 279 281 368
Tomato 663 344 700 393
Tomato 544 657 571 688
Tomato 558 665 581 692
Tomato 644 218 677 245
Tomato 591 660 613 685
Tomato 559 583 590 619
Tomato 540 555 569 599
Tomato 501 563 540 605
Tomato 619 397 653 432
Tomato 638 394 666 427
Tomato 577 656 601 684
Tomato 483 97 505 125
Tomato 529 129 557 158
Tomato 518 104 549 149
Tomato 507 94 535 122
Tomato 478 83 508 110
Tomato 539 149 563 174
Tomato 205 304 303 405
