Tomato 508 662 539 697
Tomato 476 688 509 720
Tomato 430 568 458 602
Tomato 445 563 471 595
Tomato 556 457 594 498
Tomato 444 671 473 711
Tomato 461 669 494 709
Tomato 484 662 518 697
Tomato 137 358 213 432
Tomato 416 532 438 555
Tomato 428 533 454 560
Tomato 458 335 489 369
Tomato 472 349 504 384
Tomato 433 387 460 420
Tomato 446 373 478 411
Tomato 460 381 497 420
Tomato 442 401 467 431
Tomato 659 394 678 418
Tomato 646 412 668 435
Tomato 635 408 659 438
Tomato 658 494 688 531
Tomato 548 127 566 147
Tomato 556 116 578 139
Tomato 568 119 586 142
Tomato 534 256 555 281
Tomato 270 246 301 280
Tomato 257 219 297 258
Tomato 235 217 273 258
Tomato 254 34 295 75
Tomato 293 19 333 63
Tomato 545 224 570 248
Tomato 303 70 335 99
Tomato 291 88 320 119
Tomato 272 64 305 99
Tomato 285 52 322 83
Tomato 372 568 390 590
Tomato 378 575 399 597
Tomato 387 588 407 609
Tomato 0 200 26 238
Tomato 6 225 36 254
Tomato 17 225 46 262
Tomato 20 205 51 241
Tomato 660 340 700 380
