Tomato 224 312 350 426
Tomato 215 604 308 679
Tomato 0 528 112 667
Tomato 19 470 48 504
Tomato 41 444 78 480
Tomato 55 419 89 458
Tomato 57 311 83 341
Tomato 128 629 238 720
Tomato 0 645 165 720
Tomato 275 504 314 545
Tomato 518 416 548 446
Tomato 542 432 580 468
Tomato 525 437 551 465
Tomato 505 420 529 447
Tomato 363 179 389 212
Tomato 358 163 389 199
Tomato 505 166 529 191
Tomato 531 170 557 196
Tomato 516 274 540 298
Tomato 520 282 548 309
Tomato 539 277 570 310
Tomato 553 282 577 310
Tomato 511 570 561 620
