Tomato 645 68 696 124
Tomato 493 104 519 126
Tomato 41 127 69 150
Tomato 196 266 253 314
Tomato 293 277 332 313
Tomato 677 31 720 77
Tomato 666 100 719 162
Tomato 626 94 673 150
Tomato 657 145 690 183
Tomato 604 119 645 161
Tomato 341 417 374 448
Tomato 419 659 438 682
Tomato 402 655 425 681
Tomato 405 639 425 658
Tomato 339 443 368 488
Tomato 426 435 452 470
Tomato 304 388 342 427
Tomato 454 684 486 720
Tomato 654 438 720 529
Tomato 607 462 676 554
Tomato 579 512 620 567
Tomato 569 559 623 614
Tomato 124 18 160 56
