Tomato 588 88 669 181
Tomato 567 564 675 694
Tomato 647 525 720 664
Tomato 625 613 720 720
Tomato 213 582 238 612
Tomato 0 159 124 309
Tomato 0 247 107 394
Tomato 64 238 190 366
Tomato 200 85 225 115
Tomato 392 666 442 715
Tomato 571 661 658 720
Tomato 589 277 657 369
Tomato 664 116 720 199
Tomato 655 33 720 146
Tomato 500 194 583 278
Tomato 457 161 543 256
Tomato 497 102 580 184
Tomato 578 56 662 129
Tomato 593 154 667 229
Tomato 539 139 612 226
Tomato 233 483 258 511
Tomato 356 88 387 117
Tomato 337 151 364 180
Tomato 316 177 339 204
