Tomato 84 655 101 680
Tomato 337 45 404 104
Tomato 321 95 380 153
Tomato 318 158 363 201
Tomato 435 307 513 381
Tomato 506 362 606 473
Tomato 70 644 97 681
Tomato 101 657 116 675
Tomato 55 550 81 581
Tomato 37 490 54 514
Tomato 64 468 80 490
Tomato 70 483 86 499
Tomato 77 462 96 487
Tomato 79 446 100 469
Tomato 92 434 124 474
Tomato 114 174 153 224
Tomato 102 199 128 228
Tomato 119 215 151 253
Tomato 376 95 424 147
Tomato 423 10 484 72
Tomato 400 37 456 107
Tomato 119 64 139 84
Tomato 152 60 170 80
Tomato 126 30 157 65
Tomato 131 70 154 97
Tomato 151 43 177 70
Tomato 294 340 320 369
Tomato 412 268 447 307
Tomato 514 446 582 517
