Tomato 207 175 228 199
Tomato 107 627 137 658
Tomato 182 669 235 720
Tomato 136 690 172 720
Tomato 358 610 391 644
Tomato 376 600 423 650
Tomato 662 528 700 584
Tomato 626 527 662 577
Tomato 347 467 380 504
Tomato 199 138 227 167
Tomato 211 146 239 175
Tomato 333 318 356 344
Tomato 329 359 355 387
Tomato 465 215 493 242
Tomato 471 234 495 259
Tomato 462 240 480 262
Tomato 426 82 452 109
Tomato 429 96 455 125
Tomato 211 160 237 190
Tomato 166 397 183 414
Tomato 18 337 39 359
Tomato 391 565 441 614
Tomato 345 276 359 293
Tomato 194 167 215 188
Tomato 36 88 105 175
Tomato 0 66 70 143
Tomato 372 422 392 455
Tomato 414 211 449 254
Tomato 435 205 465 237
Tomato 445 220 471 254
Tomato 448 87 475 118
Tomato 479 99 504 126
Tomato 458 113 480 137
Tomato 449 120 470 147
Tomato 428 113 451 140
Tomato 465 81 490 109
Tomato 601 554 622 579
Tomato 603 538 625 564
Tomato 221 402 252 435
Tomato 381 433 398 453
Tomato 543 393 563 417
Tomato 352 271 367 286
Tomato 336 265 355 284
Tomato 257 309 286 343
Tomato 242 293 270 335
Tomato 222 273 259 320
Tomato 205 255 239 292
Tomato 0 103 60 201
