Tomato 467 564 499 597
Tomato 494 573 530 613
Tomato 505 536 568 608
Tomato 542 516 604 601
Tomato 589 511 644 599
Tomato 644 597 679 638
Tomato 665 608 702 654
Tomato 667 646 694 677
Tomato 683 631 711 664
Tomato 668 531 702 569
Tomato 643 511 678 548
Tomato 542 337 576 368
Tomato 443 223 489 270
Tomato 468 227 521 283
Tomato 491 214 551 289
Tomato 530 150 591 219
Tomato 572 129 609 178
Tomato 572 170 608 216
Tomato 590 168 626 210
Tomato 477 0 522 28
Tomato 692 186 711 207
Tomato 699 181 719 202
Tomato 688 200 710 218
Tomato 0 591 14 617
Tomato 0 560 21 586
Tomato 0 602 22 629
Tomato 182 175 232 234
Tomato 218 178 257 226
Tomato 234 150 276 194
Tomato 177 135 214 176
Tomato 222 75 272 121
Tomato 183 93 230 145
Tomato 129 595 179 664
Tomato 7 379 26 398
Tomato 19 370 38 389
Tomato 124 351 142 369
Tomato 0 15 14 37
Tomato 0 31 15 48
