Tomato 227 7 247 30
Tomato 236 20 255 48
Tomato 194 15 216 37
Tomato 133 501 160 535
Tomato 113 423 138 448
Tomato 126 434 148 460
Tomato 11 399 36 425
Tomato 27 411 48 435
Tomato 36 422 56 445
Tomato 122 304 138 323
Tomato 106 312 121 331
Tomato 115 313 130 331
Tomato 15 193 44 227
Tomato 0 262 41 319
Tomato 581 451 610 484
Tomato 16 580 49 611
Tomato 328 459 414 553
Tomato 363 523 423 585
Tomato 365 629 422 688
Tomato 392 661 443 711
Tomato 364 243 436 329
Tomato 403 283 461 349
Tomato 561 436 597 473
Tomato 599 443 628 486
Tomato 559 633 591 668
Tomato 559 661 591 691
Tomato 555 697 581 720
Tomato 531 691 560 719
Tomato 523 669 555 701
Tomato 39 584 76 623
Tomato 524 649 555 677
Tomato 614 467 646 498
Tomato 393 127 415 153
Tomato 408 131 432 156
Tomato 419 145 440 171
Tomato 427 160 448 184
Tomato 439 159 458 183
Tomato 214 2 233 23
