Tomato 3 155 40 191
Tomato 212 176 278 256
Tomato 19 58 89 124
Tomato 46 102 91 147
Tomato 0 106 51 159
Tomato 268 75 335 159
Tomato 241 134 320 219
Tomato 262 207 332 267
Tomato 7 326 97 447
Tomato 55 295 136 394
Tomato 109 362 169 438
Tomato 67 392 142 471
Tomato 0 511 56 588
Tomato 595 676 639 720
Tomato 582 447 632 498
Tomato 606 469 646 514
Tomato 629 492 669 538
Tomato 688 634 720 680
Tomato 665 541 691 568
Tomato 657 515 680 544
Tomato 688 413 711 436
Tomato 681 547 704 575
Tomato 689 546 720 574
