Tomato 66 456 103 493
Tomato 67 428 111 472
Tomato 539 287 593 357
Tomato 548 339 593 390
Tomato 448 454 511 536
Tomato 156 125 215 186
Tomato 179 93 241 188
Tomato 208 103 258 164
Tomato 214 70 280 161
Tomato 357 181 388 217
Tomato 588 490 632 528
Tomato 509 511 562 565
Tomato 363 360 443 474
Tomato 330 343 409 468
Tomato 562 490 600 535
Tomato 0 537 28 576
Tomato 77 626 146 693
Tomato 0 661 42 712
Tomato 42 484 70 515
Tomato 0 504 27 537
Tomato 25 460 69 499
Tomato 22 491 58 540
Tomato 80 242 106 273
Tomato 92 250 116 275
Tomato 255 73 311 157
Tomato 270 43 292 65
Tomato 102 234 130 263
