Tomato 382 187 409 218
Tomato 178 329 244 391
Tomato 158 299 219 357
Tomato 132 204 210 289
Tomato 176 236 267 326
Tomato 141 172 163 193
Tomato 180 202 249 276
Tomato 70 481 99 515
Tomato 92 589 179 680
Tomato 175 610 258 692
Tomato 638 641 720 720
Tomato 607 563 686 650
Tomato 585 610 659 683
Tomato 587 677 657 720
Tomato 362 400 392 429
Tomato 554 371 596 417
Tomato 394 398 423 427
Tomato 363 380 400 415
Tomato 643 288 674 318
Tomato 375 82 406 116
Tomato 365 192 394 223
Tomato 220 98 321 195
Tomato 65 378 85 399
Tomato 124 332 143 353
Tomato 38 291 57 310
Tomato 49 298 62 316
