Tomato 241 312 262 334
Tomato 226 308 249 337
Tomato 625 174 712 249
Tomato 485 283 512 310
Tomato 524 295 558 329
Tomato 321 419 357 452
Tomato 530 370 570 406
Tomato 598 26 646 76
Tomato 651 0 697 44
Tomato 589 0 645 48
Tomato 50 449 77 478
Tomato 157 385 184 410
Tomato 193 430 216 461
Tomato 58 480 79 502
Tomato 26 586 44 605
Tomato 19 571 39 593
Tomato 32 556 53 578
Tomato 48 558 67 581
Tomato 413 649 468 711
Tomato 204 112 223 132
Tomato 235 89 262 112
Tomato 92 477 116 499
Tomato 222 329 246 354
