Tomato 605 0 682 50
Tomato 301 554 344 609
Tomato 319 591 362 637
Tomato 326 622 367 664
Tomato 185 45 207 74
Tomato 136 193 156 214
Tomato 149 180 178 221
Tomato 136 216 159 240
Tomato 321 86 351 124
Tomato 271 215 298 245
Tomato 281 233 308 259
Tomato 308 231 328 257
Tomato 304 215 329 240
Tomato 118 351 134 369
Tomato 104 540 126 566
Tomato 144 498 175 530
Tomato 143 549 173 577
Tomato 350 372 383 407
Tomato 333 351 367 389
Tomato 373 449 395 472
Tomato 542 30 593 77
Tomato 465 57 512 98
Tomato 314 359 352 397
Tomato 324 394 355 428
Tomato 300 200 329 227
Tomato 158 351 195 392
Tomato 487 15 548 79
Tomato 196 64 219 86
