Tomato 452 419 554 530
Tomato 281 194 310 220
Tomato 413 229 449 266
Tomato 477 207 533 263
Tomato 449 157 509 225
Tomato 424 174 502 254
Tomato 412 251 472 310
Tomato 304 203 330 235
Tomato 287 210 314 241
Tomato 304 183 332 211
Tomato 378 163 428 211
Tomato 128 345 206 432
Tomato 119 394 184 457
Tomato 88 465 174 560
Tomato 69 547 156 646
Tomato 150 619 189 665
Tomato 698 440 715 462
Tomato 682 474 712 504
Tomato 669 509 699 540
Tomato 636 440 683 490
Tomato 686 494 715 535
Tomato 690 332 714 366
Tomato 679 321 705 354
Tomato 541 412 588 464
Tomato 343 541 421 637
Tomato 633 586 679 638
Tomato 176 635 213 684
Tomato 105 95 165 171
Tomato 285 172 314 210
