Tomato 127 32 171 90
Tomato 500 514 581 601
Tomato 235 194 311 287
Tomato 196 585 257 670
Tomato 338 538 368 567
Tomato 354 540 381 569
Tomato 149 56 198 110
Tomato 73 84 124 137
Tomato 74 33 113 66
Tomato 73 65 123 113
Tomato 150 9 198 63
Tomato 110 45 155 91
Tomato 0 151 17 175
Tomato 0 134 15 163
Tomato 552 566 635 658
Tomato 276 349 336 417
Tomato 481 413 540 473
Tomato 681 217 709 243
Tomato 677 232 708 259
Tomato 551 82 600 131
Tomato 530 101 579 142
Tomato 520 138 576 185
Tomato 232 264 292 329
Tomato 481 476 533 526
