Tomato 65 224 113 276
Tomato 96 208 174 298
Tomato 136 144 214 225
Tomato 187 118 240 185
Tomato 208 166 239 214
Tomato 217 162 253 206
Tomato 216 622 262 668
Tomato 236 638 284 685
Tomato 250 551 295 597
Tomato 205 528 246 570
Tomato 148 528 213 605
Tomato 93 528 162 612
Tomato 81 554 126 621
Tomato 61 587 95 625
Tomato 378 694 411 720
Tomato 401 692 431 720
Tomato 419 678 453 711
Tomato 521 667 550 699
Tomato 538 652 571 687
Tomato 545 675 575 710
Tomato 361 400 390 431
Tomato 365 386 395 422
Tomato 366 344 396 373
Tomato 378 358 407 391
Tomato 544 375 614 464
Tomato 595 362 658 460
Tomato 553 345 604 400
Tomato 504 268 538 301
Tomato 526 265 560 298
Tomato 515 205 558 249
Tomato 546 207 583 248
Tomato 528 174 575 222
Tomato 531 141 573 179
Tomato 561 140 622 207
Tomato 409 120 433 145
Tomato 423 130 443 152
Tomato 426 119 448 143
Tomato 517 70 543 99
Tomato 535 51 562 82
Tomato 498 42 533 74
Tomato 563 3 600 37
Tomato 543 0 577 35
Tomato 523 0 568 50
Tomato 517 24 553 60
Tomato 388 263 408 283
Tomato 387 241 415 268
Tomato 398 227 424 254
Tomato 299 247 314 266
Tomato 0 528 16 557
Tomato 0 442 13 464
Tomato 5 358 25 375
