Tomato 300 658 326 688
Tomato 314 655 345 690
Tomato 330 672 357 701
Tomato 338 648 371 683
Tomato 359 650 390 681
Tomato 289 390 314 420
Tomato 301 377 332 407
Tomato 117 25 141 52
Tomato 129 27 154 57
Tomato 121 5 145 32
Tomato 128 10 155 36
Tomato 547 53 566 75
Tomato 556 45 573 68
Tomato 566 48 586 72
Tomato 80 62 116 99
Tomato 455 461 499 513
Tomato 501 447 564 525
Tomato 474 478 517 528
Tomato 606 263 654 315
Tomato 625 217 669 271
Tomato 645 199 698 262
Tomato 588 197 653 267
Tomato 585 162 654 224
Tomato 637 482 695 545
Tomato 655 515 694 569
Tomato 320 385 344 414
Tomato 315 342 341 368
Tomato 327 353 358 382
Tomato 394 262 417 286
Tomato 396 242 422 270
Tomato 401 136 417 156
Tomato 406 123 426 146
Tomato 419 126 439 149
Tomato 193 548 214 571
Tomato 291 560 313 585
Tomato 301 554 326 586
Tomato 203 557 220 579
Tomato 66 243 102 277
Tomato 58 182 99 231
Tomato 73 261 107 295
Tomato 60 76 96 115
Tomato 178 18 201 43
