Tomato 159 425 246 512
Tomato 612 350 629 366
Tomato 619 358 634 375
Tomato 623 343 638 361
Tomato 597 329 617 352
Tomato 698 13 720 39
Tomato 693 25 713 47
Tomato 693 118 720 158
Tomato 696 95 720 123
Tomato 244 0 305 91
Tomato 275 0 364 91
Tomato 406 8 456 65
Tomato 368 22 419 83
Tomato 560 457 587 479
Tomato 567 436 593 460
Tomato 589 433 620 461
Tomato 105 116 142 153
Tomato 174 103 223 164
Tomato 645 579 706 628
Tomato 184 9 273 83
Tomato 198 78 267 145
Tomato 197 371 291 469
Tomato 230 326 323 428
