Tomato 549 392 581 427
Tomato 250 236 315 313
Tomato 278 276 322 327
Tomato 252 298 295 340
Tomato 227 237 274 309
Tomato 224 51 253 84
Tomato 246 52 277 88
Tomato 247 23 283 61
Tomato 197 0 242 46
Tomato 565 414 590 439
Tomato 576 403 602 430
Tomato 537 375 576 414
Tomato 527 349 564 392
Tomato 541 336 582 383
Tomato 547 549 596 597
Tomato 551 517 603 562
Tomato 653 112 683 139
Tomato 462 85 496 112
Tomato 669 211 701 241
Tomato 501 202 539 235
Tomato 523 192 547 218
Tomato 532 200 557 225
Tomato 0 140 13 160
Tomato 475 645 500 669
Tomato 90 428 162 513
