Tomato 252 388 285 416
Tomato 370 0 448 69
Tomato 459 413 486 442
Tomato 440 424 464 452
Tomato 708 355 720 376
Tomato 252 129 309 173
Tomato 264 418 290 448
Tomato 81 197 105 221
Tomato 90 185 111 206
Tomato 57 175 81 198
Tomato 498 194 533 229
Tomato 261 228 285 252
Tomato 250 247 295 286
Tomato 257 424 279 449
Tomato 701 261 715 275
Tomato 708 254 720 271
Tomato 190 655 222 687
Tomato 419 512 508 597
Tomato 211 512 265 579
Tomato 1 483 44 530
Tomato 415 398 464 454
Tomato 388 361 466 430
Tomato 387 299 472 391
Tomato 382 237 495 351
Tomato 450 259 542 365
Tomato 480 521 566 620
Tomato 408 0 489 80
