Tomato 439 639 492 701
Tomato 134 108 170 155
Tomato 491 409 522 448
Tomato 523 404 541 420
Tomato 574 467 588 481
Tomato 232 115 255 138
Tomato 23 372 39 390
Tomato 37 372 52 395
Tomato 16 481 35 503
Tomato 0 486 19 507
Tomato 197 136 225 165
Tomato 579 183 629 232
Tomato 484 624 554 701
Tomato 280 623 329 678
Tomato 245 594 298 652
Tomato 414 452 484 533
Tomato 210 521 261 569
Tomato 110 430 230 525
Tomato 48 458 116 525
Tomato 14 509 100 598
Tomato 68 530 161 623
Tomato 113 556 209 654
Tomato 151 643 239 717
Tomato 0 105 53 167
Tomato 60 34 142 135
Tomato 14 76 73 138
Tomato 12 31 68 101
Tomato 0 77 41 146
