Tomato 607 336 640 375
Tomato 617 374 644 401
Tomato 615 360 640 389
Tomato 676 337 720 380
Tomato 671 358 708 394
Tomato 469 433 496 460
Tomato 609 502 650 544
Tomato 377 112 459 202
Tomato 308 76 391 172
Tomato 375 79 454 170
Tomato 21 163 41 187
Tomato 13 149 35 171
Tomato 598 179 627 215
Tomato 603 214 630 244
Tomato 618 221 641 250
Tomato 581 480 611 516
Tomato 688 234 720 303
Tomato 613 310 645 342
Tomato 636 302 667 338
Tomato 509 329 533 356
Tomato 0 660 27 713
Tomato 4 671 40 719
Tomato 2 638 42 681
Tomato 0 504 16 536
Tomato 7 507 34 537
Tomato 0 474 29 510
Tomato 22 489 51 532
Tomato 164 467 190 490
Tomato 270 407 345 512
Tomato 255 457 322 530
Tomato 99 325 129 358
Tomato 118 332 142 362
Tomato 388 170 452 249
Tomato 319 130 385 204
Tomato 178 186 199 218
Tomato 133 167 158 192
Tomato 160 174 186 205
Tomato 147 169 172 196
Tomato 138 327 174 367
Tomato 339 179 409 254
Tomato 182 81 204 107
Tomato 169 71 193 95
Tomato 157 483 179 506
Tomato 145 474 167 499
