Tomato 52 350 69 366
Tomato 59 358 74 375
Tomato 63 343 78 361
Tomato 37 329 57 352
Tomato 138 13 162 39
Tomato 133 25 153 47
Tomato 288 110 350 183
Tomato 280 130 324 179
Tomato 273 163 335 220
Tomato 345 111 402 181
Tomato 337 147 399 206
Tomato 328 181 386 253
Tomato 305 217 360 288
Tomato 273 197 330 254
Tomato 133 118 170 158
Tomato 136 95 168 123
Tomato 0 457 27 479
Tomato 7 436 33 460
Tomato 29 433 60 461
Tomato 341 601 407 667
Tomato 360 580 417 647
Tomato 346 511 423 616
Tomato 293 541 385 647
Tomato 264 620 337 707
Tomato 238 668 309 720
Tomato 85 579 146 628
