Tomato 61 630 113 693
Tomato 68 592 132 656
Tomato 91 552 153 616
Tomato 124 322 179 384
Tomato 79 221 144 294
Tomato 0 110 25 154
Tomato 13 87 51 134
Tomato 54 169 75 192
Tomato 625 224 673 276
Tomato 656 208 720 298
Tomato 653 528 720 612
Tomato 641 554 686 621
Tomato 621 587 655 625
Tomato 547 528 576 557
Tomato 172 153 197 177
Tomato 193 160 219 189
Tomato 531 536 553 560
Tomato 543 450 563 471
Tomato 552 442 573 464
Tomato 565 358 585 375
Tomato 381 186 427 252
Tomato 414 188 456 239
Tomato 431 159 474 206
Tomato 368 148 415 195
Tomato 428 87 476 145
Tomato 358 202 375 220
Tomato 49 82 104 144
