Tomato 191 413 213 442
Tomato 199 395 222 425
Tomato 205 347 232 381
Tomato 206 166 228 190
Tomato 205 179 228 204
Tomato 219 160 242 190
Tomato 70 119 89 142
Tomato 78 108 100 135
Tomato 89 116 105 136
Tomato 241 50 262 76
Tomato 408 142 430 168
Tomato 253 43 271 66
Tomato 262 48 287 72
Tomato 262 26 284 51
Tomato 281 56 297 78
Tomato 419 145 443 173
Tomato 411 580 453 621
Tomato 660 191 711 261
Tomato 684 225 720 287
Tomato 612 500 639 530
Tomato 627 453 668 500
Tomato 662 466 705 519
Tomato 683 447 720 514
Tomato 417 483 445 513
Tomato 578 384 608 423
Tomato 0 689 28 720
Tomato 16 676 46 715
Tomato 33 674 69 712
Tomato 47 257 66 280
Tomato 60 220 85 245
Tomato 50 567 75 595
Tomato 175 416 201 447
