Tomato 155 514 190 556
Tomato 201 576 234 611
Tomato 232 484 274 533
Tomato 210 516 253 559
Tomato 185 506 221 547
Tomato 86 102 109 130
Tomato 482 466 509 490
Tomato 116 471 142 498
Tomato 60 453 86 483
Tomato 430 451 449 469
Tomato 459 472 477 489
Tomato 332 271 356 297
Tomato 259 250 294 284
Tomato 279 238 309 276
Tomato 304 246 340 288
Tomato 258 265 287 299
Tomato 227 273 256 304
Tomato 194 475 226 510
Tomato 19 224 48 265
Tomato 33 232 61 274
Tomato 68 231 93 262
Tomato 62 98 91 130
Tomato 605 183 634 215
Tomato 583 191 603 212
Tomato 665 255 716 307
Tomato 348 367 364 386
Tomato 361 368 378 388
Tomato 592 153 628 193
Tomato 662 135 697 177
Tomato 635 126 676 168
Tomato 633 152 668 187
Tomato 669 293 712 341
Tomato 236 297 269 326
Tomato 645 337 678 372
