Tomato 121 370 189 464
Tomato 170 363 251 462
Tomato 148 343 202 401
Tomato 156 261 189 297
Tomato 182 255 217 299
Tomato 156 199 203 242
Tomato 187 197 234 247
Tomato 164 164 211 214
Tomato 166 126 205 162
Tomato 208 125 267 193
Tomato 164 21 201 56
Tomato 188 49 221 86
Tomato 206 28 243 66
Tomato 175 0 227 30
Tomato 187 4 228 45
Tomato 364 189 385 213
Tomato 368 176 390 200
Tomato 379 170 404 196
Tomato 351 419 374 449
Tomato 366 419 391 448
Tomato 375 402 397 431
Tomato 544 158 572 187
Tomato 559 161 585 191
Tomato 682 387 717 428
Tomato 559 578 599 629
Tomato 688 486 717 516
Tomato 420 65 446 95
Tomato 407 58 429 83
Tomato 434 71 453 93
Tomato 513 432 533 457
