Tomato 66 684 98 715
Tomato 186 304 223 342
Tomato 171 313 210 353
Tomato 147 358 178 388
Tomato 206 69 233 95
Tomato 167 496 202 540
Tomato 180 505 215 544
Tomato 182 483 217 518
Tomato 65 500 88 525
Tomato 46 584 70 619
Tomato 191 689 223 720
Tomato 21 628 45 654
Tomato 52 634 72 656
Tomato 73 583 98 613
Tomato 58 689 82 714
Tomato 61 595 85 623
Tomato 370 493 399 527
Tomato 368 525 404 563
Tomato 191 77 222 106
Tomato 398 642 424 668
Tomato 184 171 219 211
Tomato 59 479 81 500
Tomato 391 161 417 191
Tomato 374 69 395 92
Tomato 405 295 436 325
Tomato 424 155 448 180
Tomato 366 151 397 180
Tomato 642 432 678 471
Tomato 657 449 687 482
Tomato 68 436 94 465
Tomato 376 330 412 363
Tomato 402 430 440 471
Tomato 391 452 435 499
Tomato 378 470 420 512
