Tomato 301 10 321 32
Tomato 316 9 339 33
Tomato 130 638 154 659
Tomato 112 660 130 682
Tomato 124 654 150 679
Tomato 177 687 204 716
Tomato 145 606 170 630
Tomato 148 634 165 653
Tomato 99 667 119 686
Tomato 88 663 108 685
Tomato 141 451 162 473
Tomato 330 566 401 636
Tomato 362 531 420 605
Tomato 59 60 99 97
Tomato 22 64 65 114
Tomato 7 29 46 71
Tomato 96 520 134 557
Tomato 0 428 16 465
Tomato 237 563 279 614
Tomato 254 599 293 636
Tomato 268 551 308 600
Tomato 263 636 311 697
Tomato 311 451 372 525
Tomato 296 629 358 702
Tomato 263 144 284 166
Tomato 395 193 446 261
Tomato 343 193 411 276
Tomato 313 213 367 282
Tomato 342 228 390 284
Tomato 21 400 66 447
Tomato 0 342 48 399
Tomato 269 127 292 154
Tomato 248 136 273 161
