Tomato 21 553 59 596
Tomato 325 603 348 631
Tomato 307 573 342 618
Tomato 162 546 202 589
Tomato 177 524 213 578
Tomato 82 356 120 397
Tomato 92 377 135 420
Tomato 315 345 356 389
Tomato 329 368 371 419
Tomato 349 391 387 433
Tomato 382 398 408 427
Tomato 372 417 395 446
Tomato 328 196 363 237
Tomato 344 209 378 252
Tomato 361 229 389 263
Tomato 284 512 328 561
Tomato 300 544 337 586
Tomato 331 587 355 618
Tomato 83 13 157 90
Tomato 123 29 188 96
Tomato 138 72 196 134
Tomato 174 102 231 169
Tomato 322 57 348 90
Tomato 573 180 610 225
Tomato 610 169 650 212
Tomato 595 217 629 253
Tomato 573 76 620 125
Tomato 573 123 622 173
Tomato 354 70 376 100
Tomato 426 354 444 374
Tomato 407 365 425 383
Tomato 137 469 189 527
