Tomato 90 205 127 245
Tomato 67 202 107 251
Tomato 68 172 108 214
Tomato 85 141 129 189
Tomato 194 399 253 456
Tomato 235 403 294 473
Tomato 283 388 352 478
Tomato 301 350 376 438
Tomato 345 427 413 514
Tomato 349 308 416 382
Tomato 443 473 499 532
Tomato 383 439 441 526
Tomato 402 392 467 465
Tomato 406 313 477 411
Tomato 442 385 497 474
Tomato 269 619 366 720
Tomato 338 676 411 720
Tomato 538 597 573 637
Tomato 558 579 592 617
Tomato 577 590 608 630
Tomato 412 6 456 69
Tomato 446 3 502 69
Tomato 450 69 514 135
Tomato 486 108 539 166
Tomato 597 557 625 596
Tomato 555 539 597 586
