Tomato 37 649 134 720
Tomato 116 608 207 708
Tomato 223 153 255 203
Tomato 467 653 506 696
Tomato 99 545 142 595
Tomato 56 265 134 365
Tomato 105 201 200 336
Tomato 224 248 283 309
Tomato 175 274 235 351
Tomato 494 162 512 180
Tomato 502 607 527 638
Tomato 516 552 541 580
Tomato 511 534 535 559
Tomato 531 524 557 555
Tomato 529 506 554 534
Tomato 510 516 536 545
Tomato 484 529 508 560
Tomato 486 461 515 506
Tomato 466 463 499 503
Tomato 476 508 511 543
Tomato 487 484 519 516
Tomato 530 453 555 473
