Tomato 131 88 155 114
Tomato 107 83 134 111
Tomato 299 544 337 595
Tomato 672 607 720 698
Tomato 68 217 89 238
Tomato 79 205 105 236
Tomato 95 195 125 234
Tomato 40 404 121 496
Tomato 68 439 141 521
Tomato 499 95 560 167
Tomato 548 98 600 175
Tomato 461 58 527 137
Tomato 539 36 603 116
Tomato 519 12 587 93
Tomato 446 11 508 96
Tomato 333 160 354 179
Tomato 344 151 371 180
Tomato 351 131 378 161
Tomato 362 122 392 153
Tomato 101 479 167 561
Tomato 312 294 339 330
Tomato 326 290 358 334
Tomato 375 322 401 354
Tomato 591 603 697 710
Tomato 614 550 696 638
