Tomato 368 189 396 220
Tomato 592 332 652 392
Tomato 554 207 618 281
Tomato 520 175 591 256
Tomato 579 256 634 322
Tomato 666 279 720 343
Tomato 663 234 709 280
Tomato 567 61 591 91
Tomato 481 166 575 250
Tomato 442 205 531 286
Tomato 481 383 524 441
Tomato 572 617 656 709
Tomato 507 599 573 695
Tomato 547 61 572 88
Tomato 520 95 549 125
Tomato 100 574 119 599
Tomato 84 479 101 500
Tomato 478 258 538 335
Tomato 265 647 343 716
Tomato 298 432 396 552
Tomato 9 369 53 414
Tomato 0 482 32 527
Tomato 28 502 65 542
Tomato 0 612 19 641
Tomato 0 598 28 626
Tomato 32 255 53 282
Tomato 46 257 75 287
Tomato 68 279 95 305
Tomato 87 162 109 187
Tomato 74 158 100 183
Tomato 70 147 95 170
Tomato 5 574 25 595
Tomato 14 463 51 497
Tomato 339 363 399 421
