Tomato 186 64 214 96
Tomato 194 76 220 105
Tomato 75 286 102 322
Tomato 87 297 117 330
Tomato 117 243 157 288
Tomato 108 262 133 297
Tomato 0 82 68 239
Tomato 139 89 168 123
Tomato 225 93 249 122
Tomato 202 91 224 121
Tomato 249 578 273 608
Tomato 264 573 289 605
Tomato 396 611 427 645
Tomato 496 480 528 517
Tomato 409 432 438 470
Tomato 424 413 464 457
Tomato 443 384 468 414
Tomato 462 339 504 391
Tomato 689 399 719 434
Tomato 446 240 474 270
Tomato 463 240 491 277
Tomato 473 227 502 260
Tomato 485 212 511 239
Tomato 522 243 543 270
Tomato 509 235 533 258
Tomato 509 211 534 237
Tomato 455 198 486 230
Tomato 482 188 511 219
Tomato 499 181 534 223
Tomato 459 173 493 210
Tomato 485 164 517 201
Tomato 511 50 536 77
Tomato 522 63 543 91
Tomato 504 70 531 105
Tomato 645 618 666 641
Tomato 698 183 720 214
