Tomato 341 0 382 41
Tomato 44 397 93 458
Tomato 72 204 117 261
Tomato 111 107 169 160
Tomato 306 619 347 665
Tomato 289 599 336 647
Tomato 324 536 366 585
Tomato 275 508 318 556
Tomato 240 506 298 585
Tomato 201 506 259 584
Tomato 180 560 204 588
Tomato 195 560 221 594
Tomato 99 524 130 558
Tomato 116 489 151 528
Tomato 28 189 47 211
Tomato 39 185 60 211
Tomato 249 231 286 276
Tomato 266 218 325 287
Tomato 291 158 351 226
Tomato 326 129 368 185
Tomato 353 148 393 190
Tomato 355 166 390 212
Tomato 681 370 720 464
Tomato 50 296 76 322
Tomato 101 206 137 249
Tomato 92 133 135 177
