Tomato 14 657 100 720
Tomato 401 48 476 129
Tomato 694 108 720 155
Tomato 583 372 599 390
Tomato 597 372 612 395
Tomato 576 481 595 503
Tomato 560 486 579 507
Tomato 544 470 565 496
Tomato 535 486 555 507
Tomato 531 474 549 497
Tomato 608 458 676 525
Tomato 574 509 660 598
Tomato 628 530 720 623
Tomato 560 105 613 167
Tomato 620 34 702 135
Tomato 574 76 633 138
Tomato 572 31 628 101
Tomato 541 77 601 146
Tomato 46 631 127 703
Tomato 86 573 174 672
Tomato 312 273 414 386
Tomato 345 360 440 461
Tomato 299 344 400 453
Tomato 375 3 457 83
