Tomato 327 540 354 569
Tomato 363 75 387 99
Tomato 126 638 155 671
Tomato 125 609 149 641
Tomato 225 600 246 620
Tomato 104 627 137 659
Tomato 174 512 209 546
Tomato 497 210 520 245
Tomato 462 221 487 244
Tomato 488 213 508 243
Tomato 479 226 499 252
Tomato 469 235 489 256
Tomato 112 140 133 167
Tomato 111 122 134 146
Tomato 94 129 115 149
Tomato 91 137 106 161
Tomato 300 347 338 390
Tomato 279 362 319 409
Tomato 237 438 260 460
Tomato 238 453 257 471
Tomato 0 418 28 452
Tomato 322 427 359 465
Tomato 471 383 509 427
Tomato 597 479 622 501
Tomato 607 468 630 489
Tomato 618 459 643 482
Tomato 219 616 239 636
Tomato 332 495 370 535
Tomato 316 566 335 585
Tomato 459 419 483 443
Tomato 607 361 630 382
Tomato 607 298 621 312
