Tomato 106 272 198 379
Tomato 148 294 223 410
Tomato 197 337 254 410
Tomato 191 379 253 442
Tomato 147 366 214 432
Tomato 489 687 523 720
Tomato 596 47 668 122
Tomato 550 15 621 90
Tomato 498 252 532 284
Tomato 288 61 321 100
Tomato 288 119 320 147
Tomato 114 33 166 84
Tomato 151 18 202 68
Tomato 179 0 243 49
Tomato 210 12 260 63
Tomato 486 656 521 697
Tomato 583 90 644 157
Tomato 497 636 536 672
Tomato 537 546 563 571
Tomato 329 598 362 632
Tomato 105 354 136 384
Tomato 93 387 121 414
Tomato 156 456 197 495
Tomato 151 477 184 514
Tomato 170 485 203 519
Tomato 196 491 226 520
Tomato 506 434 535 467
Tomato 495 427 520 469
Tomato 316 452 342 479
Tomato 315 621 351 661
Tomato 561 135 612 190
Tomato 523 114 578 180
Tomato 545 73 614 150
