Tomato 204 465 228 492
Tomato 344 218 377 248
Tomato 358 301 392 333
Tomato 444 239 507 300
Tomato 406 223 432 249
Tomato 354 186 381 212
Tomato 141 593 165 621
Tomato 34 498 69 539
Tomato 461 409 477 428
Tomato 9 236 35 271
Tomato 444 399 462 418
Tomato 7 388 37 415
Tomato 0 410 29 448
Tomato 23 80 58 118
Tomato 10 86 40 124
Tomato 381 342 409 374
Tomato 357 329 391 368
Tomato 427 270 499 337
Tomato 469 284 533 340
Tomato 476 236 543 297
Tomato 495 190 557 243
Tomato 513 134 566 176
Tomato 500 163 543 203
Tomato 101 645 123 664
Tomato 178 595 197 617
Tomato 372 216 397 244
Tomato 156 615 180 638
Tomato 162 593 186 617
Tomato 216 498 243 525
Tomato 474 552 560 621
Tomato 487 494 576 583
Tomato 372 39 398 74
Tomato 339 44 369 73
Tomato 335 65 366 95
Tomato 8 214 35 243
Tomato 0 222 29 253
