Tomato 182 488 205 512
Tomato 614 272 672 341
Tomato 611 571 664 630
Tomato 599 612 656 668
Tomato 646 627 716 691
Tomato 593 75 633 129
Tomato 599 45 642 89
Tomato 619 32 662 79
Tomato 351 250 389 293
Tomato 171 495 191 516
Tomato 651 683 702 720
Tomato 386 268 430 307
Tomato 260 205 304 247
Tomato 322 212 366 249
Tomato 286 230 323 264
Tomato 319 515 371 576
Tomato 335 504 388 566
Tomato 376 499 431 565
Tomato 392 546 437 595
Tomato 0 93 31 162
Tomato 3 129 48 182
Tomato 27 116 75 184
Tomato 30 91 83 151
Tomato 0 644 10 669
Tomato 0 626 12 649
