Tomato 563 155 600 191
Tomato 336 79 378 129
Tomato 579 58 649 124
Tomato 606 102 651 147
Tomato 558 106 611 159
Tomato 567 326 657 447
Tomato 615 295 696 394
Tomato 669 362 720 438
Tomato 627 392 702 471
Tomato 543 511 616 588
Tomato 97 47 140 93
Tomato 212 76 253 125
Tomato 50 262 149 352
Tomato 0 303 70 401
Tomato 0 569 61 637
Tomato 26 520 97 592
Tomato 77 329 152 397
Tomato 0 404 52 497
Tomato 300 404 332 436
Tomato 306 428 334 456
Tomato 336 431 362 460
Tomato 330 451 358 481
Tomato 92 413 193 502
Tomato 454 417 498 469
Tomato 516 0 591 73
