Tomato 675 149 701 178
Tomato 243 412 282 451
Tomato 339 105 369 135
Tomato 298 103 328 137
Tomato 704 593 720 616
Tomato 691 574 715 604
Tomato 550 327 565 345
Tomato 539 332 556 351
Tomato 686 422 720 460
Tomato 276 575 324 631
Tomato 378 669 406 697
Tomato 301 654 355 712
Tomato 206 669 271 720
Tomato 188 400 239 459
Tomato 670 405 710 443
Tomato 688 391 720 421
Tomato 493 351 533 393
Tomato 482 331 521 376
Tomato 457 195 492 232
Tomato 398 100 420 126
Tomato 219 86 285 143
Tomato 186 134 239 184
Tomato 191 93 242 147
Tomato 228 66 288 126
Tomato 176 25 250 104
Tomato 235 109 300 163
Tomato 261 136 318 197
Tomato 282 174 338 238
Tomato 283 380 325 431
Tomato 286 405 315 439
Tomato 263 455 300 502
