Tomato 440 423 501 482
Tomato 472 296 536 393
Tomato 399 304 468 361
Tomato 411 183 463 233
Tomato 442 170 485 220
Tomato 427 124 473 178
Tomato 461 133 512 203
Tomato 464 78 517 136
Tomato 497 85 559 171
Tomato 539 93 591 162
Tomato 563 129 608 182
Tomato 587 116 635 184
Tomato 590 91 643 151
Tomato 105 260 147 309
Tomato 43 244 101 305
Tomato 111 224 158 277
Tomato 102 186 155 240
Tomato 53 198 103 256
Tomato 37 427 114 496
Tomato 22 484 77 527
Tomato 7 534 72 599
Tomato 0 577 68 633
Tomato 0 434 59 519
Tomato 550 644 570 669
Tomato 550 626 572 649
