Tomato 644 655 661 680
Tomato 441 0 526 51
Tomato 456 24 524 102
Tomato 49 115 88 158
Tomato 42 152 72 184
Tomato 311 351 372 406
Tomato 358 382 433 442
Tomato 402 162 446 208
Tomato 419 180 466 224
Tomato 434 200 475 242
Tomato 630 644 657 681
Tomato 661 657 676 675
Tomato 615 550 641 581
Tomato 597 490 614 514
Tomato 624 468 640 490
Tomato 630 483 646 499
Tomato 637 462 656 487
Tomato 639 446 660 469
Tomato 652 434 684 474
Tomato 674 174 713 224
Tomato 662 199 688 228
Tomato 679 215 711 253
Tomato 83 93 119 140
Tomato 387 332 427 386
Tomato 679 64 699 84
Tomato 686 30 717 65
Tomato 691 70 714 97
Tomato 125 596 198 669
