Tomato 684 280 717 311
Tomato 151 489 172 511
Tomato 129 462 147 481
Tomato 476 407 490 424
Tomato 176 487 197 507
Tomato 312 391 345 426
Tomato 599 545 617 567
Tomato 594 564 611 588
Tomato 582 561 598 584
Tomato 567 566 584 587
Tomato 569 553 587 572
Tomato 568 537 590 556
Tomato 586 529 608 560
Tomato 571 514 593 540
Tomato 563 429 585 451
Tomato 560 407 584 434
Tomato 382 331 404 353
Tomato 397 310 418 333
Tomato 385 306 404 332
Tomato 695 241 720 272
Tomato 68 408 94 437
Tomato 355 276 383 303
Tomato 205 69 257 124
Tomato 185 86 236 143
Tomato 158 52 215 112
Tomato 143 15 206 82
Tomato 111 0 180 50
Tomato 81 13 138 78
Tomato 44 27 102 84
Tomato 564 444 587 467
Tomato 190 496 204 509
Tomato 189 510 202 525
Tomato 582 302 597 317
Tomato 371 82 397 111
Tomato 359 93 383 119
Tomato 347 96 367 118
Tomato 393 73 416 94
Tomato 50 299 76 326
Tomato 269 631 310 677
Tomato 118 571 140 594
Tomato 133 566 157 589
Tomato 530 649 555 675
Tomato 551 647 571 677
Tomato 232 403 247 420
Tomato 484 415 501 433
Tomato 467 406 479 421
