Tomato 466 310 523 384
Tomato 441 238 531 334
Tomato 490 279 557 342
Tomato 533 267 597 345
Tomato 406 570 506 682
Tomato 355 572 425 660
Tomato 571 279 630 351
Tomato 586 231 657 306
Tomato 666 103 698 137
Tomato 560 39 580 64
Tomato 349 673 410 720
Tomato 162 685 198 720
Tomato 230 173 253 197
Tomato 243 67 271 97
Tomato 206 234 233 268
Tomato 95 148 119 175
Tomato 105 162 127 188
Tomato 172 399 200 427
Tomato 184 411 207 437
Tomato 199 364 240 405
Tomato 195 395 228 431
Tomato 166 439 199 477
Tomato 169 645 209 688
