Tomato 469 186 525 264
Tomato 474 239 521 286
Tomato 475 186 546 276
Tomato 475 270 531 339
Tomato 405 216 460 274
Tomato 507 658 525 681
Tomato 528 657 545 678
Tomato 519 662 535 681
Tomato 237 78 275 117
Tomato 220 45 265 84
Tomato 153 28 188 73
Tomato 133 23 170 66
Tomato 646 294 680 336
Tomato 355 246 385 290
Tomato 341 249 367 297
Tomato 331 251 358 278
Tomato 256 463 295 509
Tomato 364 541 468 639
Tomato 358 613 413 681
Tomato 333 616 386 688
Tomato 313 417 348 451
Tomato 294 409 330 445
Tomato 156 260 207 323
Tomato 97 244 160 315
Tomato 51 482 114 567
Tomato 111 497 178 581
Tomato 117 566 181 643
Tomato 130 616 179 694
Tomato 107 643 151 701
Tomato 259 70 294 108
Tomato 277 47 316 98
