Tomato 447 495 476 521
Tomato 644 264 720 369
Tomato 671 183 709 225
Tomato 678 412 720 466
Tomato 492 681 527 720
Tomato 507 679 558 720
Tomato 402 617 431 645
Tomato 645 56 678 91
Tomato 668 64 708 103
Tomato 666 29 706 72
Tomato 661 4 705 42
Tomato 517 104 539 127
Tomato 524 85 547 108
Tomato 541 84 565 110
Tomato 535 98 555 122
Tomato 522 246 564 289
Tomato 235 445 276 482
Tomato 514 276 538 307
Tomato 501 282 528 313
Tomato 106 89 129 114
Tomato 229 201 261 244
Tomato 210 220 245 253
Tomato 211 243 237 269
Tomato 71 175 117 229
Tomato 47 151 95 209
Tomato 9 114 79 185
Tomato 13 165 58 231
Tomato 64 217 106 256
Tomato 44 199 93 257
Tomato 116 77 138 102
Tomato 91 78 120 104
