Tomato 206 83 301 186
Tomato 147 296 216 366
Tomato 282 55 382 186
Tomato 196 221 273 299
Tomato 404 270 431 300
Tomato 405 304 429 328
Tomato 380 285 401 313
Tomato 369 290 386 312
Tomato 207 381 324 513
Tomato 209 534 339 686
Tomato 278 616 397 720
Tomato 362 642 475 720
Tomato 345 474 441 589
Tomato 448 446 474 475
Tomato 483 437 511 464
Tomato 476 416 500 447
Tomato 391 461 421 494
Tomato 404 423 434 453
Tomato 455 429 480 456
Tomato 387 271 405 292
Tomato 373 316 399 341
Tomato 136 146 211 228
Tomato 177 99 248 181
Tomato 635 404 669 437
Tomato 634 271 652 290
Tomato 637 256 659 277
Tomato 648 247 670 268
