Tomato 174 592 237 657
Tomato 113 553 173 615
Tomato 176 531 249 602
Tomato 133 407 218 506
Tomato 147 13 165 30
Tomato 139 12 154 34
Tomato 595 194 618 218
Tomato 615 214 635 234
Tomato 629 201 644 222
Tomato 124 22 146 43
Tomato 0 167 28 207
Tomato 63 0 94 35
Tomato 356 573 387 602
Tomato 182 71 227 130
Tomato 187 54 233 100
Tomato 12 380 46 415
Tomato 7 437 35 466
Tomato 317 454 343 482
Tomato 592 43 617 68
Tomato 580 38 602 61
Tomato 620 71 639 93
Tomato 617 50 642 73
Tomato 593 213 612 236
Tomato 273 509 335 574
Tomato 595 351 627 382
