Tomato 404 211 446 258
Tomato 360 190 420 257
Tomato 310 143 369 223
Tomato 1 61 28 95
Tomato 20 73 46 103
Tomato 195 96 219 124
Tomato 177 197 226 250
Tomato 135 557 163 590
Tomato 306 95 363 165
Tomato 0 571 23 620
Tomato 276 135 337 208
Tomato 258 185 303 234
Tomato 486 256 525 296
Tomato 398 141 455 209
Tomato 377 111 444 174
Tomato 221 413 339 516
Tomato 201 476 289 549
Tomato 202 503 320 623
Tomato 306 617 386 712
Tomato 258 584 340 686
Tomato 170 575 252 662
Tomato 137 628 203 714
Tomato 119 656 164 714
