Tomato 143 367 162 386
Tomato 322 572 394 647
Tomato 257 564 310 615
Tomato 352 598 424 671
Tomato 175 284 208 315
Tomato 172 305 203 338
Tomato 177 369 203 395
Tomato 162 267 185 290
Tomato 146 327 170 349
Tomato 162 331 183 353
Tomato 159 303 186 327
Tomato 487 335 543 393
Tomato 468 525 494 553
Tomato 515 0 594 91
Tomato 436 0 518 78
Tomato 408 179 484 253
Tomato 389 195 471 302
Tomato 366 217 437 295
Tomato 332 222 405 301
Tomato 332 264 404 337
Tomato 296 289 369 367
Tomato 493 0 548 71
Tomato 417 0 480 73
