Tomato 626 684 658 715
Tomato 625 500 648 525
Tomato 606 584 630 619
Tomato 581 628 605 654
Tomato 612 634 632 656
Tomato 633 583 658 613
Tomato 126 205 170 244
Tomato 133 248 171 286
Tomato 108 245 149 285
Tomato 68 205 118 256
Tomato 618 689 642 714
Tomato 621 595 645 623
Tomato 328 571 388 639
Tomato 288 540 355 615
Tomato 341 502 415 588
Tomato 344 452 405 529
Tomato 409 0 467 40
Tomato 416 21 461 74
Tomato 368 111 444 180
Tomato 396 307 453 366
Tomato 366 284 425 345
Tomato 341 250 412 316
Tomato 254 250 309 312
Tomato 293 241 354 309
Tomato 387 241 448 312
Tomato 282 165 340 229
Tomato 313 216 367 285
Tomato 355 216 414 269
Tomato 327 187 388 247
Tomato 376 185 441 246
Tomato 314 146 394 219
Tomato 7 327 50 376
Tomato 0 268 48 321
Tomato 0 199 64 283
Tomato 20 302 72 350
Tomato 60 305 111 358
Tomato 30 260 83 317
Tomato 619 479 641 500
Tomato 156 621 202 678
Tomato 628 436 654 465
