Tomato 291 101 398 220
Tomato 357 29 452 168
Tomato 386 0 507 171
Tomato 291 0 420 138
Tomato 0 213 64 282
Tomato 485 550 511 579
Tomato 518 514 541 541
Tomato 535 500 554 526
Tomato 357 640 393 672
Tomato 696 193 716 214
Tomato 696 216 719 240
Tomato 678 351 694 369
Tomato 664 540 686 566
Tomato 704 498 720 530
Tomato 703 549 720 577
Tomato 72 644 206 720
Tomato 36 537 97 605
Tomato 77 505 155 615
Tomato 33 0 97 65
Tomato 73 10 133 71
Tomato 330 318 359 347
Tomato 345 296 375 328
Tomato 128 560 279 720
Tomato 236 21 351 154
Tomato 397 620 434 660
