Tomato 101 148 147 198
Tomato 65 23 104 55
Tomato 45 592 101 665
Tomato 79 461 129 518
Tomato 15 434 71 506
Tomato 29 391 91 459
Tomato 69 387 121 464
Tomato 44 332 107 422
Tomato 82 342 140 418
Tomato 0 421 38 496
Tomato 223 429 242 452
Tomato 197 488 221 513
Tomato 221 476 247 506
Tomato 0 666 52 720
Tomato 181 443 211 480
Tomato 190 462 216 489
Tomato 20 662 72 718
Tomato 206 456 231 488
Tomato 343 590 379 629
Tomato 428 478 478 551
Tomato 445 497 499 564
Tomato 473 56 525 103
Tomato 495 41 555 93
Tomato 78 58 130 110
Tomato 73 116 125 167
