Tomato 242 122 289 170
Tomato 161 626 216 698
Tomato 205 646 267 714
Tomato 159 680 226 720
Tomato 216 343 264 407
Tomato 252 355 291 394
Tomato 272 374 305 407
Tomato 36 417 71 452
Tomato 141 260 195 319
Tomato 201 260 244 306
Tomato 179 255 219 304
Tomato 246 617 271 646
Tomato 261 605 286 631
Tomato 281 151 320 186
Tomato 262 160 299 199
Tomato 30 460 57 489
Tomato 49 449 73 475
Tomato 354 577 378 602
Tomato 341 590 367 616
Tomato 214 191 246 221
Tomato 201 157 238 202
Tomato 391 637 412 656
Tomato 694 125 720 174
Tomato 298 188 330 217
Tomato 387 650 409 670
Tomato 400 649 422 667
