Tomato 248 82 275 112
Tomato 248 247 286 289
Tomato 231 83 254 109
Tomato 224 104 245 127
Tomato 255 97 282 128
Tomato 235 99 259 123
Tomato 219 282 246 314
Tomato 225 686 262 719
Tomato 246 677 291 720
Tomato 602 253 619 275
Tomato 585 259 600 278
Tomato 591 254 607 271
Tomato 504 298 524 319
Tomato 257 606 278 629
Tomato 244 602 264 622
Tomato 480 621 501 646
Tomato 390 517 418 543
Tomato 240 263 277 302
Tomato 211 294 236 319
Tomato 613 196 644 233
Tomato 610 274 699 368
Tomato 554 73 594 105
Tomato 556 48 594 83
Tomato 559 8 594 40
Tomato 666 395 719 461
Tomato 656 228 720 324
