Tomato 325 309 349 338
Tomato 316 320 335 347
Tomato 193 683 226 715
Tomato 301 108 322 134
Tomato 303 243 330 277
Tomato 280 654 312 686
Tomato 263 673 295 707
Tomato 515 269 539 296
Tomato 500 252 532 291
Tomato 478 242 507 279
Tomato 368 595 397 626
Tomato 526 685 569 720
Tomato 515 617 549 650
Tomato 307 659 342 698
Tomato 250 430 290 472
Tomato 266 492 299 527
Tomato 265 519 297 561
Tomato 501 420 547 464
Tomato 284 94 316 124
Tomato 262 87 291 123
Tomato 123 664 180 720
Tomato 165 603 239 694
Tomato 103 571 168 662
Tomato 119 239 182 316
Tomato 96 207 154 267
