Tomato 679 394 720 457
Tomato 648 465 720 560
Tomato 629 547 716 646
Tomato 498 669 584 720
Tomato 336 582 377 641
Tomato 272 104 292 125
Tomato 364 339 393 370
Tomato 371 328 396 352
Tomato 420 330 443 354
Tomato 262 372 285 396
Tomato 268 359 290 383
Tomato 257 388 280 413
Tomato 140 396 175 436
Tomato 124 411 156 447
Tomato 100 398 131 434
Tomato 98 453 121 482
Tomato 262 105 280 127
Tomato 288 225 314 251
Tomato 277 212 303 239
Tomato 264 206 290 234
Tomato 276 118 300 143
Tomato 0 48 46 100
Tomato 0 3 44 73
Tomato 42 70 77 110
Tomato 41 28 86 83
Tomato 423 345 445 370
Tomato 404 457 429 486
Tomato 665 95 720 171
