Tomato 484 30 512 61
Tomato 469 36 491 62
Tomato 458 123 490 158
Tomato 701 172 720 193
Tomato 630 481 659 515
Tomato 449 493 477 529
Tomato 483 456 519 498
Tomato 456 468 491 513
Tomato 461 314 508 357
Tomato 483 367 509 399
Tomato 466 429 497 460
Tomato 493 432 539 471
Tomato 243 310 344 417
Tomato 287 161 321 197
Tomato 113 642 149 690
Tomato 285 360 387 471
Tomato 346 407 420 499
Tomato 652 589 720 680
Tomato 625 378 645 399
Tomato 684 332 703 353
Tomato 598 291 617 310
Tomato 609 298 622 316
Tomato 279 608 315 641
