Tomato 320 173 342 199
Tomato 511 111 556 157
Tomato 534 113 619 220
Tomato 560 192 641 300
Tomato 619 237 665 289
Tomato 602 206 662 278
Tomato 704 636 720 656
Tomato 698 611 720 634
Tomato 534 76 580 133
Tomato 692 666 718 692
Tomato 400 545 522 654
Tomato 333 577 441 677
Tomato 359 623 465 720
Tomato 254 571 349 664
Tomato 121 468 149 497
Tomato 114 437 146 480
Tomato 103 420 138 452
Tomato 155 295 186 327
Tomato 141 278 177 307
Tomato 134 259 164 286
Tomato 135 608 158 633
Tomato 119 601 145 628
Tomato 68 537 111 575
Tomato 99 618 129 648
Tomato 72 613 107 641
Tomato 464 89 519 168
Tomato 492 72 541 145
Tomato 430 77 483 139
