Tomato 188 458 256 537
Tomato 489 285 585 399
Tomato 466 404 536 474
Tomato 496 385 561 457
Tomato 399 338 473 430
Tomato 327 453 361 491
Tomato 692 105 716 130
Tomato 588 176 628 213
Tomato 426 0 477 47
Tomato 460 2 503 46
Tomato 452 26 506 92
Tomato 612 302 652 345
Tomato 668 448 703 482
Tomato 663 429 699 466
Tomato 645 457 674 485
Tomato 645 432 674 464
Tomato 652 566 694 610
Tomato 668 588 706 628
Tomato 689 594 720 644
Tomato 359 468 391 500
Tomato 380 601 477 691
Tomato 79 229 152 319
Tomato 3 250 74 346
Tomato 0 313 36 386
Tomato 0 385 37 461
