Tomato 72 0 111 35
Tomato 2 579 69 648
Tomato 0 506 59 584
Tomato 9 157 51 205
Tomato 30 170 77 229
Tomato 61 28 118 87
Tomato 337 207 406 280
Tomato 423 305 482 367
Tomato 141 427 173 462
Tomato 42 16 82 59
Tomato 157 207 176 229
Tomato 183 47 201 66
Tomato 632 280 664 307
Tomato 297 619 354 683
Tomato 562 568 585 593
Tomato 200 194 222 219
Tomato 181 207 201 226
Tomato 206 222 226 244
Tomato 698 263 719 285
Tomato 601 442 623 465
Tomato 578 669 600 695
Tomato 583 689 607 714
Tomato 581 529 602 556
Tomato 640 255 665 280
