Tomato 693 501 720 535
Tomato 673 423 698 448
Tomato 686 434 708 460
Tomato 571 399 596 425
Tomato 587 411 608 435
Tomato 596 422 616 445
Tomato 682 304 698 323
Tomato 666 312 681 331
Tomato 675 313 690 331
Tomato 519 159 583 234
Tomato 575 193 604 227
Tomato 547 262 601 319
Tomato 104 345 147 396
Tomato 89 458 145 521
Tomato 362 616 418 670
Tomato 397 561 445 617
Tomato 396 518 470 612
Tomato 319 471 375 529
Tomato 324 411 404 503
Tomato 357 484 429 546
Tomato 409 456 490 540
Tomato 576 580 609 611
Tomato 96 103 146 154
Tomato 348 540 416 620
Tomato 132 61 188 109
Tomato 599 584 636 623
