Tomato 74 67 135 118
Tomato 90 3 141 50
Tomato 102 39 155 85
Tomato 201 79 250 135
Tomato 174 37 227 106
Tomato 132 32 190 97
Tomato 205 18 254 85
Tomato 139 5 198 61
Tomato 191 1 244 53
Tomato 657 102 676 121
Tomato 668 107 688 126
Tomato 174 262 235 361
Tomato 516 358 551 389
Tomato 481 92 508 121
Tomato 478 124 500 147
Tomato 495 117 520 141
Tomato 361 622 381 644
Tomato 372 620 394 646
Tomato 36 20 63 50
Tomato 212 333 267 399
Tomato 161 330 223 430
Tomato 480 186 511 221
Tomato 475 207 502 239
