Tomato 353 92 368 107
Tomato 337 72 355 92
Tomato 323 67 341 93
Tomato 348 172 372 198
Tomato 336 190 363 217
Tomato 328 173 357 200
Tomato 323 163 349 193
Tomato 266 270 298 304
Tomato 0 381 19 419
Tomato 41 417 60 436
Tomato 631 380 707 464
Tomato 582 379 654 454
Tomato 505 322 547 371
Tomato 460 336 504 377
Tomato 510 630 583 720
Tomato 523 563 553 592
Tomato 523 545 548 571
Tomato 126 522 162 560
Tomato 496 567 529 600
Tomato 502 581 533 612
Tomato 571 295 662 406
Tomato 638 263 720 375
Tomato 7 510 36 543
Tomato 4 392 33 425
Tomato 21 403 44 429
Tomato 340 87 357 103
