Tomato 268 412 324 466
Tomato 41 41 83 90
Tomato 73 191 122 241
Tomato 32 520 105 586
Tomato 273 468 320 521
Tomato 250 442 308 499
Tomato 316 407 379 477
Tomato 359 382 405 429
Tomato 290 389 361 449
Tomato 285 228 334 275
Tomato 309 244 358 279
Tomato 337 220 384 271
Tomato 367 140 439 211
Tomato 655 588 676 612
Tomato 665 580 690 604
Tomato 644 566 674 598
Tomato 462 607 505 649
Tomato 293 435 351 492
Tomato 513 236 546 267
Tomato 80 448 130 503
Tomato 33 82 62 111
Tomato 50 87 78 120
Tomato 43 417 91 471
