Tomato 412 31 452 70
Tomato 272 41 294 61
Tomato 53 248 73 268
Tomato 53 234 76 254
Tomato 419 242 448 275
Tomato 617 264 653 300
Tomato 222 500 265 541
Tomato 239 221 268 256
Tomato 224 229 249 254
Tomato 219 241 241 264
Tomato 223 254 245 278
Tomato 436 236 505 300
Tomato 556 419 605 472
Tomato 520 401 580 458
Tomato 468 297 541 371
Tomato 511 281 580 354
Tomato 546 378 595 432
Tomato 527 335 588 397
Tomato 477 356 549 440
Tomato 388 655 465 720
Tomato 382 73 412 108
Tomato 280 52 297 72
Tomato 285 42 302 59
Tomato 663 516 692 549
Tomato 667 546 693 576
