Tomato 82 409 113 446
Tomato 10 0 41 29
Tomato 516 661 576 720
Tomato 552 675 609 720
Tomato 62 666 93 693
Tomato 108 659 141 691
Tomato 92 644 122 677
Tomato 64 563 97 592
Tomato 105 611 138 639
Tomato 46 626 73 654
Tomato 319 489 350 527
Tomato 76 636 100 660
Tomato 91 627 114 648
Tomato 57 417 86 452
Tomato 61 446 103 479
Tomato 51 460 86 496
Tomato 68 300 95 324
Tomato 70 318 100 349
Tomato 98 320 129 350
Tomato 91 332 106 349
Tomato 100 265 131 298
Tomato 175 463 204 501
Tomato 178 414 211 449
Tomato 196 451 230 489
Tomato 214 406 247 449
Tomato 409 352 440 383
Tomato 621 632 647 660
Tomato 570 97 617 147
Tomato 612 127 650 173
Tomato 510 242 558 308
Tomato 543 234 593 290
Tomato 579 240 626 295
Tomato 306 514 338 550
Tomato 293 509 327 539
Tomato 639 153 664 180
Tomato 619 169 647 201
Tomato 225 266 246 288
Tomato 225 308 246 333
Tomato 210 309 233 332
Tomato 206 295 231 318
Tomato 202 282 225 302
Tomato 267 144 294 176
Tomato 696 613 720 643
Tomato 583 140 610 177
Tomato 627 654 651 677
Tomato 31 613 56 640
Tomato 698 639 720 670
Tomato 363 276 391 311
Tomato 346 289 376 326
Tomato 382 263 411 296
