Tomato 28 514 94 592
Tomato 54 308 103 354
Tomato 38 267 89 323
Tomato 59 232 114 284
Tomato 102 229 163 309
Tomato 88 276 137 328
Tomato 153 1 187 39
Tomato 643 32 686 110
Tomato 653 9 699 75
Tomato 514 54 537 84
Tomato 487 62 514 87
Tomato 85 180 125 225
Tomato 651 514 713 591
Tomato 592 509 678 618
Tomato 510 602 581 696
Tomato 111 493 189 564
Tomato 488 347 511 379
Tomato 495 323 533 360
Tomato 490 479 583 583
Tomato 673 39 720 99
Tomato 474 473 550 555
Tomato 562 471 657 563
Tomato 486 79 514 107
Tomato 551 536 605 588
Tomato 637 448 704 536
Tomato 545 452 599 498
