Tomato 312 555 356 597
Tomato 65 174 152 249
Tomato 535 657 549 675
Tomato 524 661 540 679
Tomato 597 641 641 684
Tomato 544 559 583 598
Tomato 525 557 561 598
Tomato 552 505 594 554
Tomato 526 522 567 565
Tomato 585 482 639 533
Tomato 193 342 246 392
Tomato 184 304 235 349
Tomato 634 109 684 157
Tomato 551 159 588 196
Tomato 578 91 626 148
Tomato 592 59 644 105
Tomato 559 118 600 165
Tomato 522 134 563 172
Tomato 526 110 557 152
Tomato 38 26 86 76
Tomato 91 0 137 44
Tomato 29 0 85 48
Tomato 349 245 391 288
