Tomato 266 31 283 52
Tomato 102 237 130 264
Tomato 76 258 102 284
Tomato 81 242 112 272
Tomato 117 666 153 707
Tomato 248 610 308 692
Tomato 234 305 256 326
Tomato 604 442 674 547
Tomato 187 486 254 548
Tomato 213 500 288 571
Tomato 247 534 313 607
Tomato 63 493 133 557
Tomato 127 487 170 542
Tomato 85 468 152 539
Tomato 65 358 136 441
Tomato 41 288 122 381
Tomato 251 22 266 41
Tomato 257 25 273 46
Tomato 10 634 80 709
Tomato 686 28 720 119
Tomato 241 365 282 407
Tomato 650 428 720 536
Tomato 41 18 106 85
Tomato 77 25 135 88
Tomato 84 68 145 138
Tomato 114 102 168 169
Tomato 218 79 270 135
Tomato 224 290 249 317
Tomato 207 112 244 164
Tomato 206 417 312 494
