Tomato 525 493 562 530
Tomato 458 511 495 553
Tomato 483 511 520 547
Tomato 505 518 543 553
Tomato 325 462 360 509
Tomato 179 406 214 441
Tomato 368 400 406 445
Tomato 169 300 201 333
Tomato 189 313 212 336
Tomato 200 301 234 333
Tomato 358 451 384 483
Tomato 323 406 363 449
Tomato 206 631 241 664
Tomato 366 285 391 316
Tomato 359 272 386 297
Tomato 352 257 380 282
Tomato 354 242 384 266
Tomato 330 584 359 622
Tomato 408 111 432 135
Tomato 423 114 445 139
Tomato 525 278 557 308
Tomato 531 302 561 328
Tomato 556 271 588 306
Tomato 568 257 599 291
Tomato 586 242 617 281
Tomato 608 254 644 293
Tomato 638 276 668 308
Tomato 381 93 407 115
Tomato 354 687 389 720
Tomato 380 239 404 268
Tomato 489 477 525 509
Tomato 476 542 513 572
Tomato 385 287 407 310
