Tomato 454 202 479 226
Tomato 199 149 225 189
Tomato 187 147 215 180
Tomato 0 63 41 132
Tomato 15 112 83 180
Tomato 0 204 36 257
Tomato 426 190 450 220
Tomato 258 56 346 152
Tomato 289 93 378 190
Tomato 352 72 408 175
Tomato 341 160 424 260
Tomato 399 133 460 194
Tomato 463 163 492 201
Tomato 479 152 514 194
Tomato 157 603 259 720
Tomato 227 555 329 659
Tomato 226 639 330 720
Tomato 317 616 396 713
Tomato 512 383 551 425
Tomato 451 353 494 395
Tomato 425 340 471 387
Tomato 0 134 21 199
Tomato 498 297 533 335
