Tomato 631 580 666 619
Tomato 600 529 638 567
Tomato 0 560 63 665
Tomato 640 499 678 536
Tomato 331 510 347 529
Tomato 312 500 328 521
Tomato 335 519 350 536
Tomato 324 613 357 646
Tomato 490 310 519 342
Tomato 460 213 486 240
Tomato 485 218 508 243
Tomato 101 334 116 351
Tomato 96 325 111 342
Tomato 474 296 502 323
Tomato 631 325 672 365
Tomato 657 274 698 318
Tomato 608 584 643 619
Tomato 595 572 629 612
Tomato 464 181 495 211
Tomato 437 66 463 96
Tomato 492 331 522 359
Tomato 474 324 506 357
Tomato 36 541 132 648
Tomato 0 649 38 713
Tomato 86 96 162 161
Tomato 67 132 139 202
Tomato 71 178 125 230
Tomato 25 122 84 168
